99999999999996197395718906991295655832178226324405316131564332398325552900012670890930137304602187673284347093821681081920150767254769458359329037862907279060286723733648749864
99999999999967482992575829810686609209179610835043951005956525895891529317772505531671716982410861323181040773498978189379414330957607901566527606959183528757359609691425174207
99999999999995919999179399164951698699254547434298973001743640854309155941780918605671935187545185973411134134072384159705233840560089376641109939136497841264128796895271272622
89999999999999999999999995014864126555625202119923715734147732515941007597332257036032347747769999986710694467107371695751069921604786246220575064249356245455964242760259902085
29999999999999599999993411283130831091080610780449079529860195924075817365114849739999999389999999995711599999988695797953702699373961624278193241473153055542806646504785299094
83699999999938199999995399070883812365616633137553360333876388210998133500322358129999999999999999999999999999997959269997151585099402165758227239245472557910962414152327897218
79999999999927349499985596628400109359411522605529169991124863557405901599999999999999999999999999999999999999999999999999846163677245457579939834309012939228793404181172403943
04499999951270850767173592551400436218035464974556104512022235950810029859999999999999999999999999999999999999999999999999970987990371113760872635806633399438868112359506556805
91999999923415243935338204506949769935743134120851581561486085607399996999999999999999999993534299994343299999999999999999999497159677891312395174221210496722439732074069808555
59999999946980706247649224599007132303092776418205657847312889999999999999999999996831299999756319999239329999949999999999999999999999839565365722412988183275735079854846097274
99999998078691747855298242460519742110341315838770560539002166666999999999999189999911362293898947474283171969679667999999999999999999338112412492955474036282996296490550424869
99999992789997299937046269945654481975629182536385871000437011747999999999843930214534520845073850178221804395315675999992999999999999993119987321892174573821178049865489808079
99999999999999999526637395267895615485307579655347776652529999999999994999935449201585018780315913047625927334999588599973566499999999999975243280499799816581394542983982194254
99999999999999994746157776675459782115172254696885891823989999999999949775609319431637274094248456605879382017880390001597415499999999999999999936764338277182693016562132618307
99999999619999996478852074304574617966081335311110802832579999999999991830535597178357974411426173994956052112998368803941562999999999999999999952736786604421455765283277083292
99999994114166165814673621744525082740259461508380165446999999999995899660565500721430838127029994896534847570862018893514849749877272999999999927385418027745217265498458487270
99999999359626337931731309476888055515045404685600272999999999999675275126086601383340183026817056386716440823312451776563076113867765799999999968491699926483797852378625408451
99999920129117956592705557906191508489391471914486799999999999997416842463815344775042363018712504265135283609495952023721224382675225699999999993991855343490135817867582366134
99999949752602427994166933993451262585573862497563911999999999603565390579711339931911259661281564609014696547869121857194882187997789999999999999999999994265453871343729214293
99999921895636687283928586528318744528637548654817655999994783425642784235112572031571749721926789662945775136848854971915682651128907999881999999999999996813229809877224436038
99999979994799950870380009867506768726860749006088999999987829458689286221479988783641199932992740635023499561958040123494575060954464069653479999999999993403279167442745998047
99999949999993323294693498982488430630463403256694999999999137686522594689819253957999999999999999999223547682620090736313187594002494091203066999999999951113661237384908188628
99999999999999816287225893373619436785542737366942699999323724140207251048681629999999999999999999999284642737847293293035394457592979314242733999999999691121910168565324208620
99999999999999330147487497626728710116773942825775799998784809474865221178539999999891463229849899999999967721282094917655985498121110912615999999999999801817499397804721041193
99999917899994887002392467163402629609670496222769999999966566161837797559999988518530690170025633939999999942850273096678458599260203160522699999999999999954222043794569055002
99999991170627096930150817203462862796192829978299999999903993508269303359999124856153621733211536793999999992318932657751985586939367642324551981239999999699999836141675816201
99999913580556937991478463160910294456352320086999999999120323502652442999984704386004880586649706525859299999792452243955245439078501609916719936662999999999999963711971445641
99999993680387763125085384491433624037510461793152999999248930514676205999932992757888884198992625786997399899999823145661185017862824418839982971567699999999999966181042771392
99999965277397999169782390402760908805714684288194999999972824586611539999299060888999999999235062461428874349999021562244408909708734921520329543303599999999999550451513070893
99999916992929995578447607931816702390715783579099999999288045134381219992629318888865839199992841653400781999999969003046728474975426753757211892899999999999996672868470088679
99999912999999444478598716850777012834062883835639999999623280313786849991056888888888826685999644797150330794799999107259026251798980338583561687099999999999904175792173057289
99999999999999990009597286385600791863410671593894729999932749420422089998318288888888884038199995854716103946799999995262970190945216835233045449979491899999999999595969293798
99999999999999989046983556618582145234775517675123199999997142667654513999776948888888888192229993730178199286999999227101101411851228251225358071688947139999995199991905262085
99999999299995321494228802122514369022757930864030999999344485946286107499936334888888888093919993673815826325420999895497254000490309506092167763517541609999999899999941431582
99999999974473374369987884541701223742278270023148999999999148183048124999998596543888886316469999097449047739974999995889212490910752942040828395297137612999999999999996997400
99999999927686369616898703243528439106239488324302974939999979952410623595999999999998876072949996016973326158699999992282195356014356280129532471197197246799999999999994287302
99999999934819970499585163683603351782479006695884943899999985400107638063786688888423260480299997082575951501499999909095856689032793361228484094933517099999999999999943494504
49999999995168526998097992680503234235933723409653785899999999937509124214505407017440080021999944734834201859944399991910578482064232323040739235011786999999999999999284120175
79999999995299912999740322443514931119277756790619132362219999946101071389490350006095241499999986552750429540245999999493342509288094074309280835437691499999999999910476879907
12739999999659999999608173727844802804916443352045001220129999999997859859203005890764545999999727425268434146999999999156479826699109604074267823266117399128999999997386031729
96639999999999999999802700383524767741488729768340881469759999999993399092190114629592999999929245793152660075938999944147531448753791231976818643640215280511649999999998006895
50621999999999999992635309631592382201676100163690948827494845499999999494999999599999999992416087178791469899995999965324483750114546652684878498317265177532521999999999931459
83599999999999714742354411334296416820788381912476087986048514799999999999999999999999961747117638028566201784889999999460483635339531713424890766062499743531387699999999999824
89999999999999994024654722717282803918179404266063080829022154092624899989999999999549613027386094788434026149999999999760458654905158521891990672265797012155801599999999999993
91999999999999990995880949154363208154092915346105648443587211915963812611299227112726571134859654429530725121999999993423941238441952650261197937088257193019299099999999999994
12699999999999999394434799212083431281851707339027454671345183560348668842354711896800633988755024979150311978999999671287899943866549806572186673516888082999999999999999999976
76981969999999999998999999999870719111412561295695470891312430132175408690293623783404145309454274096823879999999999086168151903218132314731165261524904833999999999999999999039
85011791999999999999499999999942959238953060797494584864640560123882501912623186907222632102093727273412499999999999421696242365379000907152683517477616374799999999999994991110
41769999265989999999999999992789273915303089969852277818793163268963020263121831860942575834465361344924609999999999143554183978472228333043187272794113969997239999999971942684
35936450973419999999999907177986176157082062849229444926615006053524699889682748643519366764144531283215199999999993340156784794219137936560049160476253229443236999999978643493
57882997679485999999999999840053834932403136811682619294164234755647828053856449930348752257630020429999999999957077341168899455912693860833100019071892617635901999999646999119
68660111301869999999999999715300424998720859205224600566159564069991561318891042917696618260882986999999999999930807830630987626134763083979742382627969132494214999999474891111
07989113061719999999999999999018999999955214983500619904543640973255923287930450007851866631406299821999999999999952516853636825536771953363742454651796445715399999999654999995
86749674185289999999999999999999999999938792364628405412951477207921502555319102220417513490748955616999999999946744008613591228118487452084234047578557557855809999999999999999
45523825417392499999999999999999999999900052989278101723181392666754997475453692609544642299999992699999999991943026297221349166388313645860086853804578681599999999999999999999
85350162827394633691459859999999999999999419389999958611852785741073770889966197917178579461999999999999965419763370768352119410589606335489370429011592529999999999999999999999
38625602061730433999431601999999999999999998999999992598792119600676608561598524999899913817299999999999776823350713213040399217032051698199914297649832692999999999999999999999
20695583338098147423728914799999999999999999999999957567289999986499849979981214439999999999999999999999896687254631961529980922251159723461189753734878176999999999999999999991
86400618877266773933572176299999999983999999999999994111633899992633675899999170599999999999999999999993629449942023084777531673824871770234730821666538799974699999999999994127
36178328945544277651275630299999999993749999999999999999999999999853727999999999999999999999999921385031146206643415827795844327572660500986091305296201891187305999999998379075
94306239622387018599354527019999999699946199999999999999999999999999999999999999999999999999992396699714598758146487699002543014388908026329534121519657391132917379999999932833
56776057069266774419999910577834999249101999999999999999999999999999999999999999999949999999999997170647527723194462820592066629455029974454017242529338283418321591899999999234
10131245498072469953711208499908499990646799999999993589999999999999999999999999999955729999998156714029889239192445022135768429953091806621873893192362238319583745799999999948
95603527303155768429520148790875529577433379999999989955189999999999987199999999998287370373939300857693042366791932316144193411559060151117713055205921725907991255662999999979
50951762493373023488173898748357931716179731999995992026989999999998984167999999999962120135367275965682591660019709271888508702941485877063441464834271708101431899998999999992
61230821159250153315750086516822149794256311937537993652062999999942745172984989339962045185989979802219596352046736781975099828693124598681031801162379999999105299999999999998
18407004888416684420386364714155155656666177777411999588677621442099411421770614917895929299688930353408011029392585047603319821332128707000658390984499999999946799999999999999
02081408299235499932573606294804652687360014462129075677131734989277752734321165450011279332525063103237440241185745422342107258959289920108349869558449999999299999999999999999
86520743432697000706897181217472493529613994494280385091474715833917537294853526252308168349885729501100496133745515129486459258608267679111339359661359999999999999599999999999
01746844377161717775956260808085732539355808071298543177975517222796285173167018458526089693237157317043592590871079423029286447308915286244253098799994979999997966999999999999
40384390692250402447696981890456605172094643858632953909060343861327614694203901644798231602204497823092526201955786641127232349778884536623668748996499519999820140399999999999
36035705542122626860751269236080825521560090724231798803606058766105713765973173645851604693170326809994478805352968798126249136246139486579999429031291388749930967799999999999