5298542564399393621161822294361285364241111932841711393531493839819361172487442162549623125486181163618998719919487614923833743684236253855768688111933275234624366241641739859217532773167133435722778515
2614987875388684788137248262165293721111111116282182573111111111199132336646722452392158588541983111111167119819325922595578821145111111111114356142499311111111248899186988458895841391687391111111111272
7254111111111782132321111111894818511114595311236861581112111111111755138111111431257577565798529117766115438511111114864735467111127955641645914694911137497911142183111112958311111738816111151727114181
3411111111111114159661111457198836111227467898357272917711162548811115593121111113514113597236649123669128183291365315221576491149223555938817243713118273612591178511156777998844511128772116642851484589
4311177198414911181447111364394418641125976917642348842588115195611133439121278116349491539487758121558143992212122214284284811123819781411117976581825922123451121165479545569911114522536311626442223936
6311436134657393118662951118852699127111517337749622452477521195681137157111354937299441381132563117214468787761451916615462418177511111969784421317783312927811911114841686176972448377194455112992888227
4111192349811113321521354758382526332612851872967619531348648335631166199311118399817513194111376211973952122377848119873673811111111187811115957615341111113118964781111111598211547917111377217331525471
5811111111111111158427557454356547971877626584678111111111536596211565792611112424312176249192386691116761626892791811423791161111431111115111125115194494191112151582312971681156646781366711129267385848
5391111111721421333358132251111111147269154574111111111111115617642839119161211316211874221132512582119832939111121141353134798144995431127512939611378163587971916689374151111111332779645111551115374373
8122375173569651548693583711222222117349895411111169781867115875815181111111111111118921566139481173755793951122195217111311999361129311424378226431443113479917994298171113175741793141611279612391614493
2849274167464171116676695112111111111144478111199337588343344367211111112212362511742883417311375266747136111222167588616228158111184211128121554975911191131376194366111429276463957731137322778948154343
2327787864217111111116467412199183666164921118388813727181196777711111212219772152446111887868188875698311111232136382936825611122114112888115222394217345719971613211797972994453646211394765634841154678
9131958278284111561191155211118563417199683111391375911111913993111246612212313573511121597582726628111111941232197228838811112222116912314355163317716488939114118241912261364841956315752944191465114239
8859111116313811193975937249111141276144378111111111119874638981111442912112159351112221635927911111111373411222111111111111112332135111585241995323111484363271117364111151541397343418162119194693119314
4721111111175392661211637881491111498241783715325718844856437141163392111127356111222321982811111181484667112111111111111259212322111117866154356431741111151494111465991957441174534112446113563982138238
9871114477113159221438434788783776752648317111748161111111248548176469111299711122233321261111318148218161111128147938849741112221144511115623912116718561111111157328733247379417263111891211855831835119
5911181431411571489487791114566468241185222783768111111111111754161891116351112223333221111221111111151111114317111111668111222211662261265388211111216976196579435611395691119969933419666561112111619617
4511785279252134388853111211117931411111111128711111232121121822177411429711222322222211111111111122111221318448711896531112232111332547521291112195621931457895612863731118851111679551684414111144839354
3111323711196111326221121111117194112111112112881212894329111428313624317112222221111113559173453111111121111199514659111112332114267184826111222182211111111167357681118495626711729881297291467612981322
1911111413857418364187121776111429121117411211581111374579611271525449111122211111823237727153142287688111112111153559595712222111111111111122222111211966511114283751996632761116335754518628394219928462
8511126171112573514817111168918487121652681214258111179251983739597611122211114424324883721864367182473439711112111157511111111111112211111223221183511716851811211137957318395875767695123842893375649735
7761112111413385358839711136651643111115561115593581111924958972231112221115172142416111111111111111157682831511122111111111883753711112581232211355881539651841396294615135175749587213355878111111111751
7582111119511855233775933111838835612122998172775268641111758298511222111267636921111133244421811711111111917522112222119414751244143837311232118138981914151561391513155371111165532882721531123424581811
1341651964135211111119478145111655111119288856763523725439735761112221122614992116494282311121412627945811115453211122119621571111132998112222118981829473829891937633961111111998531865681918866472941731
9644736213529111111111182212131498518911149191811111111146785411222211373265461356549633444111166194751513113585837112211699278324745511122211148468669593822251384641111285728375937228459419664683111777
4536828954261111179211185355618127919989956151111111111114966712222115962885214865575631111114789429511111138373116511221113619572111112221112377625717241837715428811197188351798216479934115989514316389
9925344133161111425467112737111111111364959521121518171212382112221155714892334423591111221116973411146819421689879351122211254449111222111491364981114783735878518952113411112745111111749975723415995515
6559331231342111227215155971111151111111123895121726631112731122211387945149518525111122221739322162845849611111118531112221288399241111139879843111931156826492476697511111236785187762118838828685676866
3868716878462211117146229618112863556111135682121138521181331223218676111682713492611223321122487312581852581111211616211221111142968113353132914641493811147724945553392435623181437797911624929995258444
8379173961649379411118495314111133881161115897112178711185511233218687111181151797312233322112549391711699911831839559471222211195246711823481684811364451197188385111111632275619463167111247921111111133
9489187327774584615858296538511113777265165895111119511514512233219514935193411888812233332211111111111717911594337964261123222111111111116825852782184618173458151171651114812212695711187346111234841196
8111126751112621939739116928289911111129681697941156511194512333215932776314843474211223333222222222221294611969819696852123332222222222211159464435418138118581112477175111168267589455748134413182981169
9841125121217579981111113916384924421983793441814116211698812333216541113179311842891122223333333222111111111536811116211123322222222211111112242143758346714163119791116311147711924317968398723454611987
4391176551211117411118394829647921652921112684831247281666412222211111111111735736651111122222222211161112216424814111139123321111111111239746882911619715116783499141166111994324949342979884388945649143
3241116391113631111653915314961961111111211111192232261118312211112226474211111969924743111221111118546812211453143311756123321773317279865929351657134297117814167363111131298716451111111685389236588819
2781154711196291115812777119771111222222222222111127421685812113846958361326111128424944361111384948271112221411612711959123321158895413511111111149211829188193312667711391862111111188811116538629541621
4687118111996861111987111524811222222111111122222111338417411198611124719712281111432943494651171111139312221158138811495123322113313933131791663112311111172633936573963895495119457891829116934264484559
3239611111118785411111158552112222111112983111122221112711114161111126412637975111111922163845364124853311111216968111254123332111578715816173831511267944426786111111119253291157841416911116899111181228
1622742584716865444131386511122221149182146781111122211112211111129819115165639565111112824554836198111111211925756116153123432221193787787539936111137311443111111586711126831858783521111461111142111926
3748229842112787192647993781223211813911111135769111122222219141146212112111137465131111111111111111111114211248671174664123433322111799861633581122868932333116771567641133551974461111466237681245721169
1261568911181611389531428111233213928159958575674857111122211656861218115932648537558411221111111111143125118752711692191123332222211631452421118223923629573149886434111585951769399227922832519877551164
5496387341272511368281538111223213374881181292145435478111111111692212711569215513138111211146876329152251119972112197211222222111111111299519843173311111286119528911167169962965853111111372958128811475
7242474811986411783713672151122211924671111111119275346284257191292814425277423341111121115627559924827611114411151668712232111174577773619855911111112111336811216124929954162133411114411115865445632352
7443868911311111816129924695112221156511122222111124939693575311155652555393111111221111614342391917216351126111579955112332189462183211111111158918122221119338155124714659335887311836394114261411675179
2421394811112117561157581299211222116171111122222111169849456252699874111111122222111842522335838965225381197215514915122332176742988111128611176996123322211162911199331111111143715313861121767822184811
9386119476111189911113911119321112211189762111122222111111111111111111122222222332194348146381111167373261545344964311123332135815778114218411979411123333222112674256111111111115811923172763234711127898
6512311218732595751811111833361411111111183662111112222222222222222221111111112232111111111111118216278611782987423112223432111368783139268117439511223333332211148921133576575115811114476437191115111167
3214121157764422441564411468295983561111111295972111111111222111111111111386911222222222221111959939111122482672452122333332221961345448881147656112222222333221144411557767451111475651111271111183391161
5454541191955665881158111163164977738826325422229142985141111117793219126681811123333222111453197111113911154813611122222222221515149114112341861122221112343322112711323415111191755231311142318874121451
2539229115718165621111116131111111384559916637516982218426688311111111352683454123322211189363351116118211761854112211111111111129116911169884511222211112333332216311532131152991519111118288165634711157
1317742113378311848811142711111111184655611111111559199153128321543211813533361122221111129577111993411155583211122116313485383225884178273582112222116912222223216371793813192711111111111541397542396735
4918558111223541199912543411771861113622911111111614266998661574675113144811111222111379812811163771117814796112211194442691829527236669236411122211137112111123211522386778884111113566341582141435285395
8411877111678494115659183113587811111469311715911356165411111492391115131111222111158338631116163112119158731122116589656411111111966316291112222118676611139123221333821833291111999849272352453776666224
2971188115942118115715743146639612148587661349431187411113938711118511111222211172871329787974211569311926111211198471373225111682871311111222211116731111755123321164538418911111348472776484495111155251
1165311126511119114667741971374711185199258127847729111458849211865211122221112328431139783263118881179981122115273911211115745478421111222221115969971119436123321658166811183111139596241589811111111111
3149649519851911117792811759569111491111111169242935115194381111531112222111427184521111112331931115545111221114381322115756365111111222221111127113341113526123321359877112127351111111132741118419771126
4818158766215381777361639512161139725111111997981611172581116757111222211152312764222612212121111272911122221112616231581111111122222221111589231199311162761123321991711122115712175691417674111697481189
3471913872465118399348817586531369191146511134335891135111899971122221113271458441871112118459215837112222221111111111111122222222211111115685117791111133491223321361112222215539217717495713199791111192
6718983885114227197785742184248314251524912163169327111269485611222211789142121888681121187276215811111111222222222222222222211111112558443431125121111556311233321111222333211219311111115476119511261118
5483711466141828915526188151812568981121312119316655233286931112221116364815721285111111138985111111416151222222222211111111116794115558111117616111111219911234322222222223221724111825581922732831111628
3648551764124127217844111111111896333212111134248511831149211222211392551119344245121116462411112916575111221111111111311537483468768594368398861111534899112234333222111123321166117993741128633345643952
9788371198156184311172143511411177768694211549794561471778112222115937117961113151111314961111148676111111111592473531421823111111111296572331111119216511122333322211129123322189117396892441231139893234
5273611137113118421149174141461139319729113387186211127881122221165971153455152711156656211162325111111117357551131252671111111111111118122111112334581112223322221113947123332123115112268238682976759533
2416381166112414211166752715111484779385754481159655153211222211428211541511741114462851111561461121119791821357647111429666117727912216831115188896111222333221111856442123432135211136722557748811115914
2171811123117813783111866951113714573147244811927621126612232111242115122114121129152711116953111111477484391775872111731983351264712111164168112781111112332211149672637123432171149711785121639414111598
4772117532811119881588111111751593144517413511974251138112322152761118411111111714917311151671121141882397711731811121884113732485111191728522484111119212322111817541134123432119488548168589747199661693
2234147843111183367283639882738121889411962511169211663122321134811815111715817191115111858611211838591129915311116972339479282511116249659639971118881112221143111451164123432128452821111181826164721425
7461656282759563467634954741795611115911115211973217212123321229316949112224499286563111518112215854215479111781132972871961111111414854142544111166441122211174114941134123332194561114956581174337612156
3352166446653715214445111513467111161171569621111187641123321975546711118115462411561114438122116715113311161611234534311111111179337491839511111359211222117557411991124123322127411266598521187876199278
8151553119185753981546253411118311293111536311977913681223321343853393116642433112981211561122127181146491826211889197361347121174893979211111315218112221114823911171221123321124111411833911994684997164
8611363119781123921135657951528271111193286763639562791233321544172648111164361135681215881222199321778631125518926811341618361111111111111118919911122211845756512111771223221347115347371115882951415677
3241641163553536835111156211178266965121517914737531161234321385111116511157111131891212441122164791197981641519157271478729211111111111428124144112222113387316111111891233211894513995869271971111111548
3521111198611574121151111117979255173293692133161468371234321954911118933111116545621114646122118534116461137115445846896411111261885371311131721122221151187411196214711232212786511897381364111551811855
8256595127315351142362619578172993194133851131111149641233321641231115476672841413353119685112216255711158182615871111111111165172641111167257111222111272549511668319612232112465971117284611146832111863
1445431466111777121553895559237611393914811177411369511223321383411114333596521116628111792411211971831111126714641111111482196115117832192811122221123461523911146413112322145146446471311116443191161913
4936554831147461176678162863853531192416612117181141221123321131111188511111111116398111137771121176369611244913193448365133922196894535611112222111734715159521118781122221135951112921331196764816846713
8556731111127411179349118711152461112412359811111179874123321164114823111677611267597581114385112119268748561113768133111111189374185468111222211111367134611111172511222211526111111138511518432448774924
4711371676111111566685711822124111164676734544498744942123322193111715312371228511124928111476211111113382621264536111117861153834485111122221119467994863111526671112222114611118742117611438184891317185
8511919568717439368981911282211111355531395384187451213122332118311112641213159836119111461111665122211118981562427149543258641161111122222111869431118338942953611122221122121152584411531111111191881671
5118234468187122711147916797897447593113111164111113372112222211641126511158117645111439433711111123222211111492579247878771111111222222111155413438911194197221111222211315981188419321453361217237111959
6157428551553586146765119449445547741173161666317191112211122221551179685997711385111189355657111122222222221111111111111111222222222111191117227556911562856211122221115654959112115951156666778711531247
8111828911925811128711117226569112111238897562179529114335112221175682229596111183751111998161515111111122222222222222222222222111111194314785111165311617747111222111193755635114218771174824993119471137
1832868138129158111119467467593719741119487248741111151813411222111572119431451111861111119421552349123111111111112221112111111196657458147211111891511947311122222114822121111117521111139483323119281168
8167411393212978711254849122972341964111111111111175925996191122221157111184955111111157116174911117223271271263611111811118991549711331611111116129114111112222211196416111111251936811194942236216121188
5927381669236141456663721519374914646649269199164392148259747112222111122111728841111111115674972971111111111637214662616411111178417911112111763639686111222221116616111415114867668144864461933968621293
4826961155948131118344931135571129597563111358489787653914469111122222222221111839335111139546389232271411221665211111111111212591811112211182194417111122222111171611743251122657973962691661147423711688
4443264118813312795927979111112185437879311236445111111111692778111222333322221111223647554663311111111111111334193781111614697911112211112985731111122222211128258135933464255363632731965329199331151847
5767171811171928221242611466627172711111111142921945881111867748421112222333322221111115613852666151111111547769282211432531111112222211957711111222222221115752811775452583422692111111112579111111514161
3296111419763482261111111474137117167376711811865721932626475615658811112234333322222111111154122492471781976664637711111111222222333211111112222232211111636421811111131554182111111357436699164183789871
5871511818896955311926188517874685576275188973152917464594171637925174311234444333332222222111111111111111111111111112222222233333343222222222333332116628223821921189797998111118887458718244567511111833
1621171336691366911123415659112361552193293537441541111428514868282895321233333333333333332222222222222222222222222222333333333333333333333333333332191925689693441254358119871113467741111853312112731865
4582261119142131761111176621917884511111111111111111111111111111111111111222222222222222222222222222222222222222222222222222222222222222222222222222111111111111111111111115564111111119767192126115451145
2443181188124824115121111112355998823518111111111111111111111111111111111111111111111111111111111111111111111111111111111111111111111111111111111111111111111111111116111854776996994178711531491129217612
2491351994186438715555536687428518199444384811293835532729516265732222795512763215414326477341242734579634261419494449827869974672959272697651414355454177764149113434318155886143861111111112211187413687
8315117111111451119315541594125293955711151264261111111134599511118891813882451111739151614111111188613673763552679618541111159995693589111329716316245111111114192425111111151663911774722311581121252816
5749299394611111141944551119952883327242119772114435111119811128511111887411111111111678851187874111412739511118196919111111111174728111111111114896211111167711132981172691116196117783997911375117316894
6263599983576851129893645941114142895142741631677849181152115956861113155127845728121675411685625617788919633675115731157638991112451187659659114353911189217218623122421318112811113483382111714529442486
4395113273196319113745713294116551119565611391826781111436141521111839787325996711111987218996179198859631499166113921149676286117851389579621154581112115385129475529148647115128211112418693656735891578
1538141519687125591119379111119441112475115441542813195675851111875696197841111111751111712189232233874352119782411282111789968692771153619776811189117633911366842942337713316897561115587842928633995828
5561533281415126628911131193732548431131182291447618667761639674841329414166514815767942257721196811111119311188165681161163932188655354711531972571547611113786357931224643742471962172354113674111115467
1141633155141156799396511432335713248983523954542858871869443459113593682314765552233463749845763112331411654786361931828614336115737566461111181269367914588227911375727528118944348112332446321113511959
4361464729842138351231761617639111111129329162493411111111117411188111111845222169575151111111614154673251626214122777595158788135265611855643411118815112624518258113222113414671176611333919911741811953
9881167811556131719441511928849762438585111161253396935838511555114689921116516416863467557511932917961289194417879265392567721114848177829385857118166119313628332811144157973198471511127351335676611956
7321154764931715571137111879216721671215471115186776486562112716221125491111961436114876831116223946947777629681754365728833447118764122194213111117365911136114134441111142173411174111539882137229116814
1115111111118783867111114979199611111111135933454441111111982258153711111187555632353111111519246219418786661624111111111963113771111188735171458425714362111175176363452477766243511628666694311111126614