11,1,11
33,1,12
33,33,3
57,1,12
71,1,12
71,26,5
84,1,9
95,5,13
95,36,3
111,19,18
129,43,5
129,65,6
143,21,17
171,1,11
171,86,6
192,1,7
219,25,6
219,42,6
235,3,16
261,31,14
261,64,5
271,37,11
293,59,18
293,91,9
317,33,12
337,50,8
337,77,4
365,13,14
391,1,19
391,63,4
407,1,15
435,22,10
435,42,4
450,1,10
465,1,15
465,51,6
491,1,9
517,24,5
517,43,8
543,50,8
567,18,16
567,104,7
589,39,16
601,57,7
601,75,7
611,62,16
637,32,7
637,111,5
659,8,14
676,22,19
676,45,8
697,44,13
712,64,9
712,86,8
729,41,10
749,64,9
749,92,9
774,36,9
786,25,8
786,72,4
815,52,8
842,19,16
842,104,8
857,32,11
870,47,10
870,73,8
890,64,13
919,32,13
919,125,8
930,37,12
949,63,10
949,79,5
967,39,9
991,67,6
991,98,7
1015,41,7
1034,60,8
1034,79,5
1063,87,10
1084,110,12
1084,131,5
1105,80,16
1134,110,18
1134,139,6
1154,87,13
1164,94,15
1164,128,6
1189,116,18
1214,85,10
1214,166,7
1224,96,15
1245,114,16
1245,148,5
1264,137,10
1285,109,13
1285,178,5
1311,135,17
1325,153,6
1325,170,8
1348,27,113
