59188,58641,1516
129440,128933,1128
129440,130490,565
129440,132474,1698
172445,85379,1246
172445,174978,1233
209744,122680,1485
209744,124709,904
249800,81883,1482
249800,166862,699
332342,164593,1348
332342,167119,860
332342,168243,1296
418960,251017,1747
505284,337398,1510
505284,339767,649
505284,340983,1260
597534,244279,1687
597534,432851,1434
615773,262783,1106
615773,264438,871
637425,284349,1460
637425,288798,1439
734792,185990,1936
734792,383717,624
734792,386244,1169
764695,156422,1509
834201,86821,1620
834201,228461,936
834201,230083,1979
876780,129340,1447
876780,132361,1494
891049,143465,1569
891049,145519,801
989807,43845,1432
989807,247052,1683
1080878,135111,1201
1080878,137368,603
1080878,138506,1656
1136098,190056,1685
1161258,215638,1215
1161258,217247,935
1161258,218793,1683
1226801,149495,1588
1226801,284735,651
1261275,183717,1473
1261275,186486,989
1330034,252492,1788
1330034,255952,1500
1424515,346832,1554
1424515,348875,872
1424515,351175,1322
1478172,292184,1599
1492264,278471,1330
1492264,308774,912
1492264,310877,701
1588747,375057,1325
1588747,379198,1568
1676760,462692,1513
1676760,464734,793
1708226,430463,1276
1708226,497555,1209
1786684,351797,1497
1786684,511173,624
1786684,513421,710
1866696,271971,1640
1885757,290864,1780
1885757,293179,688
1885757,295081,1291
1932468,338016,1301
1932468,340799,718
1971051,376343,1576
1971051,378507,664
1987429,359421,1139
1987429,396375,516
2079836,451785,1143
2079836,453510,792
2079836,454958,1463
2176116,547820,1520
2271818,643633,1516
2271818,645845,886
2271818,647182,1470
2371728,543124,1598
2371728,746935,950
2446314,617474,1366
2446314,620124,908
2462149,600649,1721
2462149,636640,1409
2558745,697645,1313
2558745,700090,906
2558745,701059,784
2580751,719338,1427
2672074,627253,1586
2672074,813327,609
2672074,814708,1794
2733117,688103,1585
2733117,692409,1821
2831750,787174,1501
2831750,789495,734
2870655,825824,1381
2870655,830041,1814
2947593,748302,1416
2947593,905112,891
2947593,906070,672
3046469,846839,1530
3142773,943254,1364
3142773,945990,794
3142773,947717,1787
3194058,891319,1282
3194058,998409,567
3242275,939529,1375
3242275,941640,847
3312865,1010120,1378
3312865,1013315,560
3353829,1050776,1630
3353829,1053112,881
3353829,1054901,608
3394879,1009012,1430
3427120,1041106,1578
3427120,1043223,800
3427120,1045594,875
3448930,1062878,1867
3448930,1066425,763
3534620,976509,1350
3534620,1150734,750
3560212,1001786,1965
3560212,1006418,1911
3636506,924503,1660
3636506,1080749,836
3636506,1082185,1695
3652912,941043,1600
3717134,1005486,1288
3717134,1007764,976
3717134,1009113,1646
3779361,1067764,1379
3779361,1070999,1141
3833186,1013046,1640
3833186,1123706,862
3879217,1059192,1579
3879217,1063624,942
3912319,1092442,1325
3912319,1094694,813
3912319,1096967,804
3975089,1028787,1435
4054450,949729,1393
4054450,1110532,937
4054450,1112313,1255
4105024,1000177,1272
4105024,1004425,535
4171430,1066551,1542
4171430,1068961,683
4225824,1121111,1335
4225824,1124393,999
4271767,1074239,1871
4271767,1169044,956
4271767,1171190,1074
4318683,1121310,1770
4401651,1204414,1350
4401651,1206444,807
4401651,1207761,1521
4454681,1257275,1665
4454681,1260997,1953
4472982,1238134,1735
4472982,1278355,576
4570651,1140668,1546
4570651,1339810,1704
4594161,1117051,1289
4594161,1166797,942
4594161,1168336,1018
4616325,1139231,1660
4713054,1041560,1482
4713054,1238041,508
4713054,1238969,1564
4734561,1063410,1392
4734561,1067719,1975
4812332,1140916,1603
4812332,1143577,658
4903639,1232306,1415
4903639,1235810,632
4966741,1168564,1400
4966741,1297618,520
4966741,1299993,1739
4979410,1181313,1097
5018801,1141010,1583
5018801,1222392,945
5018801,1224472,596
5043284,1165480,1775
5043284,1168731,722
5088598,1211018,1272
5088598,1213291,860
5166273,1288585,1802
5166273,1292473,1415
5206396,1247621,1419
5206396,1331352,928
5206396,1332614,1696
5270850,1312031,1597
5325469,1366884,1358
5325469,1369256,844
5325469,1371089,1983
5354615,1396095,1277
5354615,1398961,1559
5427705,1322357,1362
5427705,1471420,517
5471860,1278241,1155
5471860,1370774,862
5493207,1256554,1587
5493207,1301433,606
5493207,1304167,1593
5524178,1287626,1360
5535404,1299030,1645
5535404,1300954,687
5535404,1303607,1186
5585348,1348646,1944
5585348,1353065,1037
5617160,1315989,1415
5617160,1382982,761
5662620,1270618,1509
5662620,1364705,1986
5709661,1223638,1561
5709661,1320106,933
5709661,1321867,1524
5731722,1245850,1090
5812911,1163730,1918
5812911,1329035,593
5812911,1330836,1004
5902926,1254109,1367
5902926,1257074,1011
5948950,1207546,1379
5948950,1302124,570
5986074,1244366,1820
5986074,1248040,834
6032793,1291008,1571
6032793,1293236,610
6032793,1294679,1440
6125476,1197457,1792
6158788,1164131,1583
6158788,1233378,704
6158788,1234151,1590
6237111,1085911,1335
6237111,1246915,1723
6297549,1146132,1846
6297549,1148808,969
6374770,1067961,1666
6374770,1228061,1638
6438473,1131906,1378
6438473,1133719,641
6438473,1136072,935
6470981,1164334,1602
6555860,1078571,1440
6555860,1251609,939
6555860,1253699,1504
6649816,984761,1669
6649816,1177271,881
6699489,1034494,1557
6699489,1036986,756
6714475,1049584,1434
6714475,1053199,701
6810584,952931,1147
6810584,1147580,835
6810584,1149625,1893
6874023,1015956,1616
6927283,1069451,1327
6927283,1071452,822
6927283,1072476,552
6953387,1042530,1369
6953387,1099627,866
6975115,1064104,1897
6975115,1066590,869
7027332,1116516,1773
7027332,1120848,575
7078607,1064360,1541
7078607,1170525,579
7078607,1172565,641
7161025,1146771,1481
7244248,1230202,1390
7244248,1232289,816
7244248,1233595,1089
7305423,1291064,1901
7305423,1295898,925
7379834,1216146,1056
7379834,1368431,795
7392813,1202683,1979
7392813,1232002,1252
7424808,1234870,1540
7424808,1237348,529
7424808,1238888,1873
7502490,1312802,1145
7576637,1386525,1570
7576637,1388621,698
7576637,1390800,1421
7644212,1318194,1584
7644212,1458305,1461
7672804,1346857,1682
7672804,1349352,515
7713861,1387787,1519
7713861,1391749,1410
7801248,1475095,1404
7801248,1477630,580
7801248,1478247,1792
7861028,1413316,2654