5324395044
30501712215
31468774143
32995654560
41074150194
46043041514
83711223624
84262832972
87928246619
96215183544
209681131421
215925781593
679875962367
751788926465
957676433477
981058554774
981849544037
1057703406336
1251348456504
1327825873659
1363034297042
1424508233333
2040971160864
2077298135553
2313916983894
2340449124595
2361805871370
2505906122248
2531882381217
2775182742199
2777961212069
2896494832210
3255489176805
3407249068936
3451840364953
3524466254739
3580879413267
3638071575990
3658221651424
3898909756353
3917260508396
4245016927993
4263147910629
4321506185482
4390363754163
4414789464138
4555895913916
4557213736731
4628638215159
4642755156615
4751926918059
4757636354475
4885501561069
4987516076177
5029454981508
5394002268696
5454358729094
5525960197319
5538772682929
5591873435529
5777036538704
5833109257328
5923779485151
5959428688703
6244729112324
6258400220189
6271770015259
6357469142031
6414066957658
6437123804396
6706548964835
6829747472751
6912492919821
6981356635838
7000502004220
7024582361045
7155497006844
7227210847661
7257365308357
7470579683208
7498173065378
7507018498468
7648969826890
7694943512395
7806629279368
7949557023401
8048288641994
8205288361622
8340883559972
8384251073664
8622367382676
8697083982711
8773897234787
8824324127846
9105527996795
9306827273438
9671163851392
9733888069661
9879176196075
9902071661444