1:2,2,6,5,6,5,7,9,4,5,7,7,1,4,3,1,3,7,8,5,1,9,8,7,5,1,5,7,3,4
2:1,7,1,7,5,8,9,8,3,5,1,5,4,9,8,4,1,1,3,3,9,8,5,5,3,4,4,7,4,2
3:1,7,9,1,7,4,9,1,2,4,3,8,4,2,8,9,3,1,2,9,6,3,7,2,2,6,3,6,5,9
4:2,3,1,9,9,3,1,8,4,5,5,2,6,5,6,6,3,4,3,1,1,7,1,1,8,4,8,4,6,7
5:3,9,9,5,5,1,1,5,6,1,6,7,5,1,1,3,2,8,5,9,4,3,4,6,8,4,4,1,1,5
6:3,9,9,5,5,1,5,5,6,1,6,7,5,1,1,3,2,8,5,9,4,3,4,6,8,4,4,1,1,5
7:9,2,9,9,3,6,3,1,4,5,7,3,1,3,2,5,6,9,8,3,7,5,5,7,1,9,2,9,2,9
8:6,7,4,9,3,4,1,3,7,6,5,1,3,9,5,1,2,2,2,4,5,3,5,5,9,7,8,5,3,6
9:4,7,1,2,2,3,8,8,1,6,7,9,2,1,6,9,1,7,6,4,3,3,1,6,4,1,4,8,9,4
10:2,5,1,9,2,2,8,6,2,6,9,7,7,6,2,6,3,9,8,6,7,3,8,6,1,2,3,5,1,1
11:6,1,7,2,2,6,2,9,3,1,9,1,3,3,7,1,9,5,4,9,3,9,3,3,9,4,5,5,7,7
12:1,2,8,6,9,4,4,7,8,2,3,4,9,2,2,6,5,9,9,2,7,6,8,5,7,7,7,3,4,9
13:5,1,2,5,7,8,2,5,8,3,2,5,3,3,3,6,5,4,7,5,9,7,1,1,8,5,8,8,1,6
14:9,5,7,4,9,4,3,5,2,1,1,4,9,2,6,5,1,3,4,1,2,9,7,8,8,8,2,9,7,5
15:1,2,8,6,9,4,4,7,8,2,3,4,9,2,2,6,5,9,9,2,7,6,8,5,7,7,7,3,4,3
16:7,8,5,2,4,6,1,3,3,9,6,4,8,1,4,5,9,8,3,1,7,1,2,8,6,8,1,1,5,4
17:5,7,6,1,8,1,6,5,4,2,6,9,8,8,3,6,7,3,2,6,7,4,8,9,2,5,8,8,8,3
18:8,7,3,1,8,7,1,6,7,6,2,8,1,7,5,1,9,8,7,3,2,4,2,2,2,6,1,7,4,8
19:2,8,2,7,3,9,6,1,5,6,1,5,5,8,4,2,7,5,7,9,3,1,6,2,3,3,4,9,7,7
20:2,5,1,9,2,2,8,6,2,6,9,7,7,6,2,6,3,9,8,6,7,3,8,6,1,2,3,5,3,8
21:3,9,7,7,8,6,2,3,2,8,7,3,8,4,7,1,2,9,3,8,8,3,2,8,6,3,3,2,6,9
22:7,7,7,9,3,9,2,9,9,9,3,8,1,5,7,4,6,4,3,6,7,6,3,9,4,6,5,9,1,5
23:5,5,1,9,1,5,6,1,8,1,4,6,5,5,7,6,7,2,6,5,1,3,5,4,8,2,1,2,9,3
24:2,3,5,7,2,2,6,9,9,1,6,2,8,3,4,9,1,2,5,5,7,4,6,2,6,4,4,9,4,5
25:3,6,3,7,4,6,5,5,1,3,7,6,2,5,7,1,1,4,8,7,8,4,4,7,7,2,9,8,5,8
26:2,5,9,6,5,2,1,5,7,6,4,1,4,7,7,7,5,7,8,2,2,3,2,6,7,6,8,5,1,8
27:4,6,9,5,9,4,2,6,5,5,1,9,2,9,8,8,1,4,6,8,6,6,9,2,6,4,2,8,4,8
28:6,5,7,5,7,7,2,3,5,3,7,6,5,2,1,8,4,5,8,7,6,7,1,4,7,6,1,8,8,5
29:7,2,5,5,8,1,9,2,6,1,4,4,6,8,1,9,5,2,9,9,5,8,4,5,8,3,4,4,5,1
30:2,1,5,2,6,7,4,5,2,2,8,4,1,4,1,2,4,6,1,5,5,7,4,2,9,8,7,7,1,8
31:8,9,1,3,5,6,9,2,1,5,7,1,6,2,1,5,1,1,8,7,9,4,1,8,9,2,1,9,8,8
32:3,1,6,1,5,1,5,5,9,2,1,6,5,4,2,8,3,2,5,3,3,7,5,4,1,3,5,6,2,3
33:3,3,8,2,7,9,4,9,1,1,8,7,7,7,9,5,3,6,3,8,5,8,9,5,3,2,6,6,6,4
34:6,8,3,5,8,4,1,6,8,5,3,9,1,4,9,1,1,4,5,3,8,8,3,7,5,2,8,8,1,3
35:1,9,1,6,8,3,1,8,7,1,1,4,6,5,5,6,7,6,5,4,1,5,6,2,4,7,9,9,7,3
36:8,7,6,4,9,6,2,3,4,2,6,7,1,3,9,3,7,6,7,9,4,5,7,7,1,8,9,4,1,3
37:9,8,1,1,2,8,6,1,8,8,3,1,9,3,4,6,8,2,3,5,7,4,6,4,1,8,1,3,7,3
38:9,8,5,6,2,6,9,5,1,8,8,1,5,8,5,1,4,4,4,9,8,1,1,7,2,7,7,7,5,4
39:7,5,4,3,5,9,9,1,6,9,7,7,5,7,9,2,9,3,2,6,1,2,7,2,2,7,6,3,4,7
40:9,1,1,5,5,1,1,2,9,5,5,8,9,6,7,3,8,9,7,6,7,6,6,6,1,9,6,9,1,2
41:1,5,5,4,1,3,2,1,6,3,3,7,1,6,3,5,2,6,9,9,9,2,8,1,7,2,1,2,7,4
42:6,3,9,9,5,8,7,2,2,6,1,8,3,1,8,1,1,3,8,2,1,7,6,5,5,2,4,4,1,9
43:3,7,9,4,3,1,7,9,8,3,3,9,1,5,7,6,3,4,4,6,8,2,7,3,4,4,1,8,9,9
44:2,3,1,9,9,3,1,8,4,5,5,2,6,5,6,6,3,4,3,1,1,7,1,1,8,4,8,4,6,7
45:7,1,8,1,7,4,4,6,4,4,8,4,4,5,2,8,3,1,8,9,2,3,3,5,3,9,7,9,6,6
46:8,7,8,9,8,7,5,3,9,4,9,6,6,9,2,5,3,6,6,8,9,6,4,1,3,8,6,6,9,9
47:2,3,1,9,9,3,1,6,4,5,5,2,6,5,6,6,3,4,3,1,1,7,1,1,8,4,8,4,6,7
48:8,8,9,7,1,1,2,8,8,6,6,9,1,8,8,6,6,8,2,1,9,6,9,5,7,2,4,2,2,4
49:3,2,6,4,8,6,2,9,3,5,1,2,4,3,2,9,6,8,8,5,9,7,9,2,8,9,7,5,4,4
50:1,3,8,8,5,2,9,9,9,5,3,8,3,6,6,6,9,8,2,3,1,8,8,6,6,6,1,7,5,5
51:4,7,1,2,2,3,8,8,1,6,7,9,2,1,6,9,1,7,6,4,3,3,1,6,4,1,4,8,9,4
52:8,4,9,7,3,8,9,2,1,9,4,2,1,9,5,9,6,3,9,7,9,8,6,9,8,2,9,8,2,9
53:7,2,4,1,6,8,9,3,9,2,7,6,7,4,3,6,9,8,6,4,5,5,8,1,2,1,8,4,4,1
54:1,1,8,3,8,9,8,6,6,3,5,4,3,6,2,8,6,7,8,1,4,4,8,2,9,7,6,9,2,5
55:7,1,5,4,4,7,1,4,1,5,7,8,4,5,1,1,3,7,5,6,5,5,3,3,6,4,1,5,5,6
56:6,5,1,7,1,4,3,3,6,9,5,9,5,9,7,4,3,2,3,5,4,2,7,6,1,1,1,3,7,2
57:1,8,7,7,6,8,9,8,1,9,1,3,4,5,1,5,5,8,2,9,3,1,3,4,7,3,2,5,6,9
58:5,7,4,2,4,8,2,8,3,2,8,4,3,2,6,6,2,5,5,1,1,9,9,3,5,6,8,7,3,7
59:6,2,7,2,7,7,7,1,5,8,9,6,8,8,2,1,5,2,3,3,6,8,2,4,8,9,4,5,1,5
60:2,1,3,3,6,3,3,7,7,4,2,1,9,5,6,7,1,1,5,7,5,7,4,1,8,1,5,4,9,2
61:1,3,8,6,3,6,2,4,6,8,5,4,2,4,1,5,8,5,8,4,8,1,3,3,7,6,4,5,7,4
62:7,2,9,9,8,8,1,8,4,1,2,5,8,1,2,5,4,4,1,2,6,8,1,7,5,2,7,8,9,1
63:5,5,1,9,1,5,6,1,8,1,4,6,5,5,7,6,7,2,6,5,1,3,5,4,8,2,1,2,9,6
64:6,5,1,4,6,6,1,4,5,9,6,4,9,7,4,3,6,1,6,6,6,8,8,6,6,1,9,6,6,5
65:8,1,9,2,5,1,3,9,2,6,9,1,8,2,3,4,6,1,8,3,5,1,7,9,7,3,6,4,8,2
66:4,2,5,8,1,7,4,8,1,1,9,9,3,3,1,7,9,8,8,4,3,1,1,7,5,3,1,8,5,9
67:9,5,5,7,2,5,1,3,4,4,2,6,4,2,9,2,1,6,9,4,1,1,8,2,8,8,7,2,8,7
68:2,7,4,8,4,7,4,2,2,7,9,5,7,4,8,4,3,5,9,7,2,8,4,3,2,4,6,7,2,6
69:7,3,7,2,5,5,3,5,3,7,4,6,8,7,9,7,9,1,5,2,5,8,4,9,9,1,6,9,3,8
70:2,5,1,9,2,2,8,6,2,6,9,7,7,6,2,6,3,9,8,6,7,3,8,6,1,2,3,5,1,8
71:8,5,2,8,6,8,1,1,7,9,2,5,8,4,3,6,4,2,1,8,2,2,1,3,4,2,1,8,6,3
72:2,5,8,8,6,1,4,4,1,9,2,1,9,4,5,7,9,7,3,3,9,5,4,6,4,9,6,2,3,8
73:3,9,9,2,2,9,6,1,9,1,2,1,1,9,7,8,4,2,6,5,3,5,1,4,1,1,7,9,7,9
74:7,5,6,3,9,3,8,3,3,1,5,7,6,6,6,2,5,6,6,3,3,7,5,4,6,2,7,2,6,7
75:2,5,2,7,8,7,2,6,4,7,1,9,3,4,7,7,7,9,7,8,8,9,5,2,6,5,1,8,5,5
76:7,5,2,9,7,7,5,6,8,8,6,9,2,9,5,8,1,4,3,3,1,3,4,7,3,1,9,5,8,1
77:7,9,6,6,2,8,3,1,9,3,8,3,1,7,3,2,6,7,3,8,9,8,4,2,2,1,1,8,2,3
78:4,6,9,3,3,6,5,4,7,4,9,5,3,4,2,2,2,5,3,6,8,4,6,7,3,1,6,9,3,2
79:7,8,3,8,2,2,7,4,4,5,3,4,4,4,9,3,5,8,4,7,9,2,8,5,8,3,7,3,4,6
80:2,5,2,4,8,5,3,8,9,8,7,8,4,5,3,8,1,6,2,9,5,7,7,1,9,1,2,9,6,6
81:4,4,9,2,7,9,1,2,8,8,9,1,6,9,5,4,5,9,2,1,6,3,2,8,7,6,8,9,1,4
82:1,9,1,5,5,7,7,1,2,3,5,1,9,6,6,3,8,1,4,5,2,7,3,9,4,3,2,3,9,6
83:6,6,6,5,8,2,7,9,4,4,3,6,5,7,4,9,1,7,2,3,6,6,9,7,2,1,2,1,2,7
84:3,9,9,2,2,9,6,1,9,1,7,1,1,9,7,8,4,2,6,5,3,5,1,4,1,1,7,9,7,9
85:3,6,2,2,6,1,7,9,5,8,8,2,1,6,9,1,7,6,7,7,9,4,3,4,8,2,6,2,3,5
86:2,3,7,3,7,6,1,4,7,8,6,3,7,9,4,9,7,3,8,1,7,8,7,5,4,6,5,8,8,8
87:5,7,2,9,4,4,9,6,6,8,2,8,5,7,8,5,8,3,7,8,3,4,5,3,6,4,2,9,4,6
88:2,2,8,1,2,6,8,5,6,7,1,4,5,8,1,3,6,4,8,3,8,1,3,1,1,7,3,3,3,4
89:7,5,8,1,1,7,9,2,4,4,4,6,1,2,6,4,1,3,6,2,1,2,1,7,5,8,6,4,7,7
90:9,8,3,4,2,1,8,5,8,8,9,7,6,7,5,9,4,1,5,1,8,2,7,4,7,3,7,4,9,2
91:9,5,5,4,5,7,5,9,7,1,8,8,5,7,2,2,8,1,5,8,4,5,5,1,8,8,5,5,1,3
92:8,2,7,9,4,2,3,3,6,7,1,4,4,1,4,8,7,6,1,1,8,9,2,6,4,1,8,2,1,7
93:6,7,1,1,2,8,1,4,7,8,2,8,3,7,1,2,2,6,3,4,4,5,5,5,8,7,7,9,4,8
94:9,2,8,3,4,2,9,3,4,4,3,9,9,4,6,8,8,8,5,3,5,1,9,9,5,8,6,6,6,9
95:5,6,1,4,3,2,5,7,6,3,2,3,9,1,1,7,7,1,3,4,9,8,8,5,3,1,6,5,2,1
96:3,8,9,4,8,2,7,3,6,5,6,1,3,3,8,8,7,8,3,3,6,6,6,6,8,2,9,4,5,9
97:9,8,1,1,2,8,6,1,8,8,3,1,9,3,4,6,8,2,3,5,7,4,6,4,1,8,1,3,7,4
98:9,7,8,4,2,3,2,4,7,5,1,4,5,5,8,2,5,5,5,8,7,8,8,4,1,5,8,1,1,8
99:7,4,5,9,1,3,1,8,2,2,3,3,1,6,7,2,5,1,2,3,4,9,8,5,9,6,6,6,4,8
100:3,3,6,8,6,7,5,8,3,6,1,4,3,8,6,4,7,4,1,4,9,8,8,2,7,5,9,2,1,1
101:3,3,2,6,5,9,3,7,2,9,1,1,3,9,3,9,4,5,6,3,1,8,5,9,4,8,2,3,7,6
102:8,9,1,3,5,6,9,8,1,5,7,1,6,2,1,5,1,1,8,7,9,4,1,8,9,2,1,9,8,8
103:5,9,6,9,7,8,9,9,2,3,9,5,6,3,2,8,7,3,6,2,4,3,6,5,7,5,8,9,7,3
104:1,3,8,6,3,6,2,4,6,8,5,4,2,4,1,5,2,5,8,4,8,1,3,3,7,6,4,5,7,4
105:3,3,2,4,5,3,6,9,3,2,5,3,7,1,4,7,8,4,1,5,8,4,5,6,4,9,2,7,1,5
106:2,7,4,8,4,7,4,2,2,7,9,5,7,4,8,4,3,5,9,7,2,8,4,3,2,9,6,7,2,6
107:7,5,6,9,1,4,4,5,3,8,9,9,5,2,6,5,1,5,6,9,1,1,8,3,3,4,3,1,3,5
108:9,9,8,4,3,4,4,7,5,2,1,7,4,2,5,9,7,4,3,1,6,9,3,4,2,1,6,2,4,7
109:2,8,2,7,3,9,6,1,5,6,1,5,5,8,4,2,7,5,7,9,3,1,6,2,3,3,4,9,7,9
110:6,3,9,9,5,8,7,2,2,6,1,8,3,1,8,1,1,3,8,2,1,7,6,5,5,2,4,4,1,6
111:6,7,6,1,5,2,3,8,1,1,5,3,7,4,9,3,8,5,9,8,1,2,2,6,2,3,9,4,9,6
112:8,8,2,3,9,2,5,4,9,6,4,6,2,5,1,7,5,6,9,6,6,6,2,9,6,8,6,6,7,1
113:7,2,8,3,7,6,2,5,7,3,9,8,1,3,9,8,9,8,9,2,1,5,9,7,6,5,4,4,6,6
114:5,8,2,3,7,9,9,7,4,3,4,5,6,7,1,2,7,7,9,3,3,3,7,9,9,5,5,6,8,8
115:9,2,8,3,4,2,9,3,4,4,3,9,9,4,6,8,8,8,5,3,5,1,9,9,5,8,6,6,6,9
116:6,8,2,4,8,8,1,5,3,4,4,2,5,2,8,9,6,8,4,2,3,2,5,2,8,9,8,9,4,7
117:3,3,4,7,4,7,2,6,1,6,7,1,9,4,1,8,3,5,7,2,9,9,3,3,8,6,2,8,6,8
118:2,7,6,3,2,6,1,1,3,8,4,4,6,3,9,6,6,2,4,5,2,9,3,7,7,9,3,8,3,5
119:3,2,9,9,5,7,6,2,3,3,6,5,1,6,3,3,3,9,3,1,6,7,8,6,4,2,3,9,1,6
120:2,6,2,1,9,9,7,3,5,6,5,1,7,8,9,3,4,9,7,1,5,5,8,6,7,2,9,8,1,9
121:9,5,3,9,7,8,8,3,5,7,7,2,2,3,3,4,4,9,3,5,4,8,4,5,5,8,7,1,9,1
122:3,7,9,4,3,1,8,9,8,3,3,9,1,5,7,6,3,4,4,6,8,2,7,3,4,4,1,8,9,9
123:8,1,8,4,3,1,9,1,8,1,3,9,8,2,6,2,9,4,3,7,4,5,5,9,1,4,7,1,3,8
124:8,1,5,3,8,7,9,5,3,5,9,6,3,4,7,1,9,7,3,8,4,9,9,8,1,2,6,7,7,4
125:6,8,5,1,1,6,7,3,4,1,5,9,7,9,3,8,5,6,9,2,2,2,6,7,4,4,4,5,3,9
126:8,7,4,2,2,5,3,6,4,5,5,7,5,1,4,9,3,3,1,7,8,3,5,1,9,3,5,5,8,1
127:7,5,2,9,7,7,5,6,8,8,6,9,2,9,5,8,1,4,3,3,1,3,4,7,3,1,9,5,8,1
128:8,1,8,4,3,1,9,1,8,1,3,9,8,2,6,9,9,4,3,7,4,5,5,9,1,4,7,1,3,5
129:3,6,5,6,4,8,8,8,8,5,6,1,4,2,6,1,9,4,3,1,3,8,2,5,8,4,5,6,7,8
130:6,1,7,2,2,6,2,9,3,1,9,1,3,3,7,1,9,5,4,9,3,9,3,3,9,9,5,5,7,7
131:2,5,2,5,1,2,6,7,8,9,8,2,6,3,7,5,8,4,9,5,1,8,4,9,3,5,9,5,2,3
132:9,6,1,2,3,3,6,5,6,9,9,8,2,9,3,2,2,7,3,2,2,8,9,5,3,1,7,3,1,6
133:8,2,1,5,2,3,5,2,2,3,3,1,8,1,8,2,1,4,7,1,1,6,8,3,1,8,7,7,4,9
134:8,9,2,7,1,2,1,1,3,3,5,9,4,2,2,4,5,2,9,4,5,9,1,3,8,5,5,5,2,9
135:8,1,7,1,7,6,3,7,8,9,7,7,2,8,8,3,7,5,7,7,4,9,6,2,4,2,9,7,2,7
136:2,2,8,1,2,6,8,5,6,7,1,4,5,8,1,3,6,4,8,3,8,1,3,5,1,7,3,3,3,8
137:6,6,6,5,8,2,7,9,9,4,3,6,5,7,4,9,1,7,2,3,6,6,9,7,2,1,2,1,2,7
138:8,6,6,3,6,7,2,3,3,5,6,6,2,8,8,5,9,6,1,8,7,7,3,7,2,5,1,9,8,6
139:2,5,9,6,5,2,1,5,7,6,4,8,4,7,7,7,5,7,8,2,2,3,2,6,7,6,8,5,1,3
140:7,5,8,1,1,7,9,2,4,4,4,6,1,2,6,4,1,3,6,2,1,2,1,7,5,8,6,4,7,2
141:2,7,4,5,9,9,9,8,5,7,7,3,4,5,8,1,1,2,4,2,5,8,4,7,2,2,9,5,1,3
142:8,6,8,4,8,8,3,7,9,9,2,7,7,5,8,8,6,6,3,4,6,5,2,4,9,6,1,7,1,3
143:5,2,6,1,5,5,2,6,4,8,9,8,4,5,7,6,5,3,7,3,1,5,7,2,9,6,9,4,1,1
144:2,1,3,8,8,5,2,6,1,4,8,6,6,3,2,8,4,7,9,2,5,6,8,6,6,1,2,1,1,8
145:3,5,7,8,6,4,3,7,1,8,3,6,2,8,1,1,1,6,8,4,9,1,6,2,6,9,2,6,7,7
146:6,5,1,4,6,6,1,4,5,9,6,4,9,7,4,3,6,1,6,6,6,8,8,6,6,1,9,3,6,9
147:1,4,3,5,2,5,1,5,5,3,1,9,1,1,6,7,2,3,7,4,7,6,9,4,3,4,2,4,6,9
148:4,4,6,6,2,2,1,1,3,4,4,9,5,5,7,5,1,5,2,6,8,5,5,5,2,8,3,5,2,1
149:9,4,6,4,9,1,1,7,1,6,5,9,6,4,5,9,9,4,1,5,2,6,8,9,6,2,5,8,7,3
150:3,4,3,2,3,3,2,5,5,3,7,4,1,5,8,5,5,7,6,7,7,3,4,9,1,4,6,4,4,1
151:2,2,1,9,9,8,5,2,7,9,1,7,6,3,6,9,2,8,4,8,5,1,3,4,7,8,4,9,8,3
152:8,4,9,7,3,8,9,2,1,9,4,2,1,9,5,9,6,3,9,7,9,8,6,9,8,2,9,8,2,5
153:9,4,2,9,6,3,6,5,4,5,6,2,4,1,4,6,4,9,9,6,4,4,8,9,9,9,6,6,5,9
154:3,2,1,6,4,5,3,4,3,9,8,4,6,8,9,3,1,9,1,4,7,7,6,7,1,5,7,8,1,7
155:1,9,3,6,7,5,5,4,3,8,3,7,8,7,7,5,2,7,9,9,1,7,1,4,4,6,2,5,4,2
156:7,9,7,1,1,4,6,9,5,4,4,4,5,1,8,3,5,7,8,8,5,3,6,2,9,7,4,6,8,5
157:7,5,6,3,9,3,8,3,3,1,5,7,6,6,6,2,5,6,6,3,3,7,5,4,6,2,7,2,6,4
158:6,3,9,2,5,8,7,2,2,6,1,8,3,1,8,1,1,3,8,2,1,7,6,5,5,2,4,4,1,6
159:9,6,2,2,5,5,8,3,1,8,6,2,1,7,4,4,4,1,8,6,4,3,8,2,7,5,6,3,1,3
160:4,1,1,2,7,3,6,4,5,6,7,8,7,5,1,2,2,9,4,3,1,4,9,3,6,4,2,6,2,5
161:8,7,5,4,6,4,2,3,8,6,7,4,2,7,9,7,7,3,6,3,3,7,5,8,6,4,8,3,5,9
162:8,7,6,4,9,6,2,3,4,2,6,7,1,3,9,3,7,6,7,9,4,5,7,7,1,8,9,4,1,1
163:4,8,3,9,4,9,3,4,8,6,6,3,2,5,5,5,8,6,6,3,2,1,1,2,9,5,1,9,4,2
164:3,4,5,2,2,1,5,9,9,9,3,6,4,8,1,3,6,4,3,5,6,1,7,1,5,6,1,1,4,7
165:9,4,2,9,6,3,6,5,4,5,6,2,4,1,4,6,4,1,9,6,4,4,8,9,9,9,6,6,5,9
166:7,2,8,2,8,8,4,6,6,4,4,6,6,1,2,1,7,2,3,5,7,7,2,4,6,1,9,4,7,1
167:5,9,3,5,7,8,7,2,9,1,9,7,6,7,7,6,2,3,2,2,4,6,2,4,3,5,5,9,5,1
168:9,4,1,3,2,1,6,9,6,9,3,9,8,5,7,7,7,6,3,7,4,2,7,3,5,2,7,5,8,5
169:1,1,8,3,8,9,8,6,6,3,5,4,3,6,2,8,6,7,8,1,4,4,8,2,9,7,6,9,2,5
170:7,6,8,2,4,6,7,6,9,6,2,3,9,4,2,5,3,5,5,4,7,9,1,5,3,2,3,1,9,2
171:9,1,1,5,5,1,1,2,9,5,5,8,9,6,7,3,8,9,7,6,7,6,6,6,1,9,6,9,1,1
172:1,8,5,1,6,7,9,4,2,7,8,1,6,1,4,4,1,9,6,8,7,6,3,5,2,1,7,1,2,2
173:3,1,1,1,9,9,9,9,1,2,8,9,7,8,2,5,1,6,4,6,2,8,9,7,2,5,6,7,8,5
174:9,7,5,9,7,6,8,9,6,6,8,5,9,2,6,7,8,6,7,7,5,2,3,2,7,7,6,9,7,8
175:5,8,2,3,7,9,9,7,4,3,4,3,6,7,1,2,7,7,9,3,3,3,7,9,9,5,5,6,8,9
176:8,1,4,1,2,9,7,1,3,7,4,1,8,9,2,1,3,9,1,2,6,3,5,2,7,4,6,9,5,2
177:3,8,5,9,9,1,7,7,3,7,6,2,6,4,5,5,6,2,8,3,2,4,5,9,8,3,9,7,2,1
178:6,1,9,8,5,9,6,3,8,9,7,8,8,3,5,5,5,2,3,9,9,3,5,3,7,7,9,8,6,3
179:2,7,8,3,4,2,5,4,3,6,3,8,7,1,4,2,8,8,4,9,4,5,7,1,9,8,2,9,2,2
180:6,1,7,2,2,6,2,9,3,1,9,1,3,3,7,1,9,5,4,9,3,9,3,3,9,9,5,5,7,1
181:1,7,6,4,4,2,8,7,4,7,9,5,7,4,8,6,7,1,3,1,3,2,3,7,9,9,7,5,4,1
182:3,9,8,9,1,5,6,8,7,2,5,1,3,4,4,6,9,4,2,6,6,7,7,8,1,3,5,2,2,1
183:2,2,4,2,2,4,1,9,9,3,8,9,7,7,2,3,2,5,8,4,2,4,4,3,4,2,4,7,2,7
184:3,3,6,5,9,3,2,4,6,1,3,9,3,2,8,4,9,3,3,6,2,8,7,7,8,2,2,2,3,4
185:2,5,9,6,5,2,1,5,7,6,4,8,4,7,7,7,5,7,8,2,2,3,2,6,7,6,8,5,1,8
186:9,2,2,5,5,2,2,4,6,9,6,5,7,8,8,5,4,5,5,5,5,6,9,5,7,3,3,8,3,4
187:2,1,6,3,5,4,6,4,2,5,9,3,7,3,8,2,1,4,1,2,5,4,6,3,3,4,6,9,3,4
188:6,4,8,7,6,7,8,2,9,3,1,2,8,8,7,2,1,9,8,2,7,1,8,1,1,5,4,6,5,4
189:3,2,3,5,1,5,8,8,8,7,6,8,2,3,7,1,7,1,8,6,8,9,7,6,2,8,8,5,5,7
190:3,6,1,8,4,8,6,1,3,1,9,1,4,2,5,1,8,4,6,6,1,8,7,3,8,6,6,5,6,4
191:5,9,7,2,2,7,9,4,2,8,8,7,5,4,2,6,1,3,6,8,6,4,9,5,7,8,2,4,9,3
192:6,6,6,5,8,2,7,9,4,4,3,6,5,7,4,9,1,7,2,3,6,6,9,7,2,1,2,1,2,6
193:8,7,4,2,2,5,3,6,4,5,5,7,5,1,4,9,3,3,1,7,8,3,5,1,9,3,5,5,4,1
194:1,5,5,4,1,3,2,1,6,3,3,7,1,6,3,5,2,6,9,9,9,7,8,1,7,2,1,2,7,1
195:7,8,8,2,1,4,7,9,3,2,5,7,8,4,5,3,7,1,8,7,9,3,9,2,8,2,2,9,3,4
196:8,1,4,7,8,3,3,8,4,9,5,7,2,3,8,6,1,9,9,9,4,6,4,4,2,8,4,8,9,5
197:8,7,6,4,9,6,2,3,4,2,6,7,1,3,9,3,7,6,7,9,4,5,7,7,1,8,9,4,1,1
198:4,1,7,1,9,5,7,5,4,6,6,1,9,3,2,9,5,8,4,1,6,2,2,4,4,2,1,8,1,7
199:7,1,5,4,4,7,1,4,1,5,7,8,4,5,1,1,3,9,5,6,5,5,3,3,6,4,1,5,5,6
200:9,6,1,1,1,3,2,3,1,4,5,2,7,6,1,5,2,6,6,6,7,3,9,4,9,6,5,3,2,9
201:5,4,8,3,6,2,4,3,7,4,9,5,6,8,9,1,7,9,6,9,5,8,1,1,6,2,9,8,9,1
202:9,2,2,5,5,2,2,8,6,9,6,5,7,8,8,5,4,5,5,5,5,6,9,5,7,3,3,8,3,4
203:3,8,9,4,8,2,7,3,6,5,6,1,3,3,8,8,7,8,3,3,6,6,6,6,8,2,9,4,5,2
204:9,1,5,9,5,2,4,6,2,3,3,7,5,6,5,4,2,1,7,4,7,2,7,3,4,5,2,4,2,3
205:3,6,6,4,5,6,7,2,5,7,2,1,2,9,1,5,3,6,7,8,1,1,9,5,6,4,1,2,3,9
206:3,2,3,5,1,5,8,8,8,7,6,8,2,3,7,1,7,1,8,6,8,9,7,6,2,8,8,5,5,6
207:2,6,2,1,9,2,2,5,4,5,6,6,5,9,2,6,7,2,6,6,4,6,5,7,1,2,2,8,6,7
208:2,2,5,2,8,7,1,7,6,6,9,9,4,9,7,4,5,2,3,9,4,5,9,6,4,8,6,5,7,5
209:8,8,9,4,1,1,2,8,8,6,6,9,1,8,8,6,6,8,2,1,9,6,9,5,7,2,4,2,2,2
210:4,7,1,2,2,3,8,8,1,6,7,9,2,5,6,9,1,7,6,4,3,3,1,6,4,1,4,8,9,4
211:1,7,2,1,3,7,9,5,9,6,8,4,1,8,6,5,9,9,5,8,9,5,1,7,9,1,5,7,3,2
212:9,7,3,1,8,1,9,2,9,4,6,8,2,8,2,3,7,6,3,8,4,3,2,3,7,9,4,1,6,5
213:6,9,5,2,7,9,4,8,3,6,2,6,9,4,8,4,4,3,3,4,5,7,4,6,3,3,4,8,3,8
214:9,5,5,4,5,7,5,9,7,1,8,8,5,7,2,2,8,1,5,8,4,5,5,3,8,8,5,5,1,3
215:9,3,4,7,8,7,2,2,5,5,8,1,9,3,9,5,8,8,6,8,7,4,2,8,9,4,1,7,1,8
216:9,6,8,6,6,4,7,5,8,2,4,7,4,6,1,7,7,8,9,6,4,8,8,6,6,9,8,8,5,4
217:6,3,8,7,8,7,9,1,2,6,4,5,2,7,4,9,2,8,5,2,2,5,6,7,1,4,8,6,3,4
218:2,2,1,9,9,8,5,2,7,9,1,7,6,3,6,9,2,8,4,8,5,1,3,4,7,8,4,9,8,2
219:5,6,5,9,3,2,5,7,7,8,9,5,9,4,8,6,2,1,4,6,3,3,3,7,2,1,2,3,2,6
220:3,7,8,8,9,6,4,5,1,2,5,7,5,7,5,1,9,9,1,6,4,9,3,6,3,3,7,8,5,7
221:8,3,1,3,9,8,1,7,1,8,3,7,9,1,7,1,8,4,9,8,9,3,3,7,9,3,8,1,6,2
222:3,4,7,6,1,3,7,5,4,1,7,1,3,4,5,4,1,8,7,3,3,6,2,7,2,7,5,1,9,9
223:8,1,4,6,2,9,7,1,3,7,4,1,8,9,2,1,3,9,1,2,6,3,5,2,7,4,6,9,5,2
224:3,9,9,2,2,9,6,1,9,1,2,1,1,9,7,8,4,2,6,5,3,5,1,4,1,1,7,9,7,5
225:6,5,6,1,4,7,7,8,1,3,7,7,4,7,4,6,4,2,1,9,1,3,8,6,8,4,6,1,2,7
226:3,6,1,8,4,8,6,1,3,1,9,1,4,2,5,1,8,4,6,6,1,8,7,3,8,4,6,5,6,3
227:3,1,3,5,7,6,2,8,5,6,7,6,2,8,8,2,4,4,2,8,8,2,2,7,4,6,8,2,1,9
228:7,1,2,8,9,7,3,4,2,9,7,4,1,7,3,2,6,5,7,2,1,1,2,1,2,9,9,5,4,1
229:6,5,7,5,7,7,2,3,5,3,7,6,5,2,1,8,4,5,8,7,6,7,1,4,7,6,1,8,8,5
230:9,8,4,4,3,2,7,7,1,5,5,3,7,8,3,1,2,5,3,4,4,7,3,2,9,5,7,8,7,8
231:3,1,3,5,7,6,1,8,5,6,7,6,2,8,8,2,4,4,2,8,8,2,2,7,4,6,8,2,1,9
232:7,4,2,2,2,1,4,8,4,3,4,3,1,5,6,4,5,9,3,2,7,7,1,2,1,1,2,4,3,3
233:2,5,2,5,1,2,6,7,8,9,8,2,6,2,7,5,8,4,9,5,1,8,4,9,3,5,9,5,2,3
234:3,6,3,9,2,6,5,2,2,2,9,8,6,3,9,5,5,4,5,3,8,8,5,2,8,4,8,7,1,8
235:1,8,7,5,8,3,7,5,4,9,8,9,2,1,3,5,2,1,4,1,2,1,8,5,5,2,2,2,4,3
236:7,6,1,6,7,8,3,9,7,4,3,9,2,6,8,3,3,9,1,6,8,3,9,3,8,8,4,7,4,4
237:7,5,6,3,9,3,8,3,3,1,5,7,6,6,6,2,5,6,6,3,3,6,5,4,6,2,7,2,6,4
238:8,4,1,5,2,3,5,2,2,3,3,1,8,1,8,2,1,4,7,1,1,6,8,3,1,8,7,7,4,6
239:2,1,6,2,6,8,7,7,7,8,9,3,8,1,6,5,8,4,8,3,6,5,4,8,4,1,6,5,8,9
240:2,7,3,5,3,1,9,3,2,9,6,7,2,5,4,4,5,6,1,7,1,7,5,6,2,8,2,2,3,1
241:9,8,7,8,1,5,1,3,6,3,2,2,6,6,4,3,8,9,1,3,6,2,5,4,6,6,2,2,5,9
242:9,4,2,9,6,3,6,5,4,5,6,2,4,1,4,6,4,9,9,6,4,4,8,9,9,9,6,6,5,1
243:5,9,5,4,6,2,2,8,2,9,6,8,6,7,6,5,6,8,9,6,5,3,1,5,2,8,8,7,4,4
244:1,7,1,5,1,8,4,9,2,4,1,1,5,7,5,2,5,4,6,8,4,1,2,2,1,5,2,9,5,7
245:3,6,6,4,5,6,7,2,5,7,2,1,2,9,1,5,3,6,7,8,1,1,9,5,6,4,1,2,3,9
246:4,5,7,9,5,7,5,3,1,4,2,8,1,3,7,8,2,4,3,5,2,7,3,6,2,4,8,6,9,4
247:9,3,4,9,8,6,1,9,4,2,2,3,8,8,7,4,6,6,3,2,7,3,9,5,2,1,8,4,2,8
248:6,5,2,1,4,6,4,8,1,7,1,3,1,5,1,2,3,1,3,6,1,7,4,9,4,1,3,6,9,2
249:1,8,3,3,8,1,4,1,6,4,7,9,8,1,2,9,2,1,5,4,3,7,3,3,2,7,2,1,1,9
250:7,2,3,6,7,1,8,4,2,5,2,3,8,1,8,9,8,2,1,5,3,8,2,7,9,2,6,8,8,1
251:9,3,2,8,3,4,7,9,3,2,8,1,9,3,4,7,9,5,3,6,7,5,8,6,1,9,1,8,3,9
252:9,9,5,5,6,6,2,8,6,2,4,1,5,4,8,9,5,4,5,8,3,9,3,9,5,1,2,1,3,6
253:1,3,8,8,5,2,9,9,9,5,3,8,3,6,6,6,9,8,2,3,1,8,8,6,6,6,1,7,5,1
254:7,5,5,3,6,8,3,6,4,5,4,2,7,9,9,3,1,1,2,5,2,5,7,5,5,5,9,7,8,6
255:2,2,1,9,9,8,5,2,7,9,1,7,6,3,3,9,2,8,4,8,5,1,3,4,7,8,4,9,8,3
256:9,3,2,8,3,4,7,9,3,2,8,1,9,3,4,7,9,5,3,6,7,5,8,6,1,9,1,8,3,1
257:2,8,2,7,9,9,6,1,5,6,1,5,5,8,4,2,7,5,7,9,3,1,6,2,3,3,4,9,7,7
258:1,7,2,1,3,7,9,5,9,6,8,4,1,8,6,5,9,9,5,8,9,5,1,7,9,1,5,7,3,1
259:7,5,8,1,1,7,9,2,1,4,4,6,1,2,6,4,1,3,6,2,1,2,1,7,5,8,6,4,7,2
260:9,8,7,4,9,4,3,5,2,1,1,4,9,2,6,5,1,3,4,1,2,9,7,8,8,8,2,9,7,5
261:2,5,2,4,8,5,3,8,9,8,7,8,4,5,3,8,1,6,2,9,5,7,7,1,9,1,2,9,6,5
262:4,9,5,3,6,5,6,4,3,1,3,8,9,1,2,4,3,6,8,7,7,9,3,8,3,4,6,8,7,1
263:8,3,1,3,9,8,1,7,1,8,3,7,9,1,7,1,8,4,9,8,9,3,3,7,9,3,8,1,6,1
264:6,8,2,9,2,9,2,2,4,1,5,8,2,8,4,2,6,5,8,7,5,6,5,1,4,1,2,1,3,3
265:6,7,6,1,5,2,3,8,1,1,5,3,7,4,9,3,8,5,9,8,1,2,2,6,2,3,9,4,9,6
266:5,4,3,3,8,3,2,8,7,6,9,8,5,9,3,6,9,2,9,5,3,4,8,8,8,3,6,5,2,5
267:6,6,5,1,5,8,5,2,9,3,5,8,6,8,1,8,8,5,7,8,6,7,8,5,9,4,4,7,1,9
268:5,4,4,2,5,4,8,6,5,3,2,7,5,2,5,4,2,2,7,9,7,6,9,4,8,5,9,8,2,8
269:8,7,7,5,7,5,6,4,6,5,1,5,2,9,3,3,1,9,7,4,2,7,9,2,2,9,2,8,5,1
270:4,6,8,5,8,1,9,3,6,3,1,3,1,7,9,8,1,7,7,5,9,5,1,6,3,6,8,8,8,9
271:8,1,9,2,5,1,3,9,2,6,9,1,8,2,3,4,6,1,8,3,5,1,7,9,7,3,6,5,8,2
272:6,7,4,9,8,4,1,3,7,6,5,1,3,9,5,1,2,2,2,4,5,3,5,5,9,7,8,5,3,6
273:7,4,8,1,6,3,3,3,1,1,4,8,2,7,4,5,5,9,9,4,2,6,3,4,2,5,3,8,4,4
274:2,6,6,7,2,7,5,7,6,8,6,3,8,1,9,4,1,5,1,1,5,7,7,6,5,8,1,9,2,6
275:6,6,5,1,5,8,5,2,9,3,5,8,6,8,1,8,8,5,7,8,6,7,8,5,9,4,4,7,1,1
276:3,9,8,9,1,5,6,8,7,2,5,1,3,4,4,6,9,4,2,6,6,7,7,8,1,3,5,2,2,5
277:7,4,2,2,2,1,4,8,4,3,4,3,1,5,6,4,5,9,3,2,7,7,2,2,1,1,2,4,3,3
278:9,7,2,4,3,5,8,8,5,7,1,6,6,1,1,8,1,4,7,5,2,9,3,9,6,4,3,2,7,7
279:8,7,8,9,8,7,5,3,9,4,9,6,6,9,2,5,3,6,6,8,9,6,4,1,3,8,6,6,9,4
280:1,8,9,8,8,9,8,7,2,8,2,9,3,2,1,7,7,7,2,2,8,3,9,5,1,9,6,1,3,1
281:5,8,2,3,7,9,9,7,4,3,4,3,6,7,1,2,7,7,9,3,3,3,7,9,9,5,5,6,8,8
282:2,3,3,7,6,1,3,5,7,8,6,6,7,9,4,1,1,1,8,2,5,7,1,7,5,2,6,3,6,7
283:6,9,1,4,6,7,6,4,2,8,2,8,3,7,9,9,6,3,2,6,1,9,5,9,2,8,1,7,5,9
284:1,5,5,1,7,9,8,4,5,1,9,2,2,4,4,7,6,1,3,8,8,9,2,3,6,3,6,5,4,4
285:9,7,5,9,7,6,8,9,6,6,8,5,9,2,6,7,8,6,7,7,5,2,3,2,7,7,6,9,7,9
286:7,5,2,9,7,7,5,6,8,8,6,9,2,9,5,8,1,4,3,3,1,3,4,7,3,1,9,5,8,2
287:4,7,6,4,3,8,6,9,5,5,5,5,9,6,5,2,8,4,6,8,3,2,7,7,5,4,5,6,2,2
288:1,8,5,7,9,2,2,6,1,2,3,2,2,4,2,4,5,2,6,9,6,3,9,6,8,1,1,7,2,7
289:6,2,9,9,1,1,1,9,8,1,7,8,6,1,5,1,5,3,3,8,1,7,1,1,4,8,8,7,3,1
290:5,8,4,1,4,7,4,8,7,5,5,6,2,1,4,8,8,2,8,2,7,6,2,3,9,7,5,8,4,9
291:2,5,6,4,9,2,2,9,8,7,6,9,6,5,1,5,3,6,1,6,5,7,6,3,2,2,8,9,9,8
292:7,4,5,9,1,3,1,8,2,2,3,3,1,6,7,2,5,1,2,3,4,9,8,5,9,6,6,6,4,1
293:6,1,3,2,7,7,7,3,8,8,3,5,6,8,3,2,9,2,3,3,1,2,5,6,5,4,5,7,7,4
294:6,5,1,4,6,6,1,4,5,9,6,4,9,7,4,3,6,1,6,6,6,8,8,6,6,1,9,6,6,9
295:5,7,8,6,8,5,5,1,3,9,9,6,8,2,7,3,3,6,9,1,8,2,8,5,6,4,3,1,4,5
296:1,2,8,6,9,4,4,7,8,2,3,4,9,7,2,6,5,9,9,2,7,6,8,5,7,7,7,3,4,3
297:3,2,1,6,4,5,3,4,3,9,8,4,6,8,9,3,1,9,1,4,7,7,6,7,1,5,7,8,1,9
298:8,3,6,2,5,1,7,1,2,5,4,8,8,9,1,5,1,4,2,7,4,1,4,2,4,7,7,8,2,8
299:5,2,4,2,2,4,1,9,9,3,8,9,7,7,2,3,2,5,8,4,2,4,4,3,4,2,4,7,2,6
300:3,9,8,9,1,5,6,8,7,2,5,1,9,4,4,6,9,4,2,6,6,7,7,8,1,3,5,2,2,5
301:3,2,1,6,4,5,7,4,3,9,8,4,6,8,9,3,1,9,1,4,7,7,6,7,1,5,7,8,1,7
302:8,1,9,2,5,1,3,9,2,6,9,1,8,2,3,4,6,1,8,3,5,1,7,9,7,3,6,5,8,4
303:5,9,3,7,3,7,5,6,2,2,4,5,8,5,5,6,8,2,7,7,8,5,9,9,9,4,8,8,1,4
304:8,8,5,1,9,8,4,5,4,9,5,4,1,7,9,6,2,4,7,6,2,2,3,7,5,8,4,4,8,4
305:5,6,4,6,8,4,3,1,6,7,6,2,8,9,1,9,9,9,6,8,1,3,5,5,2,7,5,8,8,2
306:5,2,6,1,5,5,2,6,4,8,9,8,6,5,7,6,5,3,7,3,1,5,7,2,9,6,9,4,1,1
307:2,9,7,6,7,1,4,3,5,9,7,7,1,3,5,3,7,1,1,5,5,1,2,1,6,8,5,4,7,7
308:5,2,6,1,5,5,2,6,4,8,9,8,6,5,7,6,5,3,7,3,1,5,7,2,9,6,9,4,1,7
309:5,7,6,2,4,8,2,8,3,2,8,4,3,2,6,6,2,5,5,1,1,9,9,3,5,6,8,7,3,7
310:1,8,3,6,5,2,1,8,2,7,7,4,7,7,2,5,5,1,5,1,5,4,9,2,5,6,4,7,9,8
311:1,7,6,4,4,2,8,7,4,7,9,5,7,4,5,6,7,1,3,1,3,2,3,7,9,9,7,5,4,4
312:4,1,9,8,5,4,3,3,3,3,3,7,5,3,9,6,7,6,2,9,1,3,9,1,1,9,9,3,4,6
313:1,8,3,6,5,2,1,8,2,7,7,4,6,7,2,5,5,1,5,1,5,4,9,2,5,6,4,7,9,7
314:5,5,1,9,1,5,6,1,8,1,4,6,5,5,1,6,7,2,6,5,1,3,5,4,8,2,1,2,9,3
315:1,9,1,5,5,7,7,1,2,3,5,1,9,6,6,3,8,1,4,5,2,7,3,9,4,3,2,3,9,2
316:2,5,2,5,1,2,6,7,8,9,8,2,6,2,7,5,8,4,9,5,1,8,4,9,3,5,9,5,2,1
317:9,6,4,9,7,5,8,1,1,1,9,7,1,6,1,4,8,4,3,2,7,4,1,3,3,1,4,9,4,1
318:8,9,7,7,2,5,1,6,5,9,4,5,7,8,9,7,9,8,3,8,5,4,2,7,5,9,5,7,6,4
319:1,8,8,8,5,7,3,8,6,5,6,3,9,8,5,7,9,2,3,7,5,4,4,3,2,6,3,7,3,7
320:2,1,6,2,5,3,3,5,5,8,5,5,2,1,6,2,9,7,7,7,6,2,5,4,3,9,2,2,2,3
321:7,3,9,7,8,4,9,8,5,9,6,3,3,8,9,3,7,8,8,6,7,7,7,6,9,1,8,1,3,2
322:1,4,2,4,1,2,4,8,7,7,4,6,3,3,9,7,7,1,4,8,4,9,3,7,6,2,9,7,1,1
323:7,9,7,6,9,1,2,6,5,6,8,1,9,4,7,2,1,8,2,6,5,1,1,4,2,3,1,3,6,5
324:2,7,4,5,9,9,9,8,5,7,7,3,4,5,8,1,1,2,4,2,5,8,4,7,2,2,9,5,1,1
325:7,8,5,2,4,6,1,3,3,9,6,4,8,1,4,5,9,8,3,1,7,1,2,8,6,8,1,1,5,9
326:3,7,5,5,1,1,4,1,6,7,6,2,6,8,4,9,4,5,4,5,6,8,9,7,5,5,5,8,2,3
327:9,1,3,4,5,8,2,6,6,8,4,6,9,4,6,8,7,6,3,4,8,8,6,5,7,4,1,6,1,8
328:8,9,5,2,9,6,4,4,8,3,3,7,6,1,1,5,4,5,7,6,9,9,4,2,8,8,6,8,5,9
329:2,7,6,3,2,6,1,1,3,8,4,4,6,3,9,6,6,2,4,8,2,9,3,7,7,9,3,8,3,1
330:8,3,3,6,7,7,8,6,1,4,7,1,3,3,2,9,8,6,3,6,8,4,2,3,9,9,1,4,7,1
331:9,3,2,8,3,4,7,9,3,2,9,1,9,3,4,7,9,5,3,6,7,5,8,6,1,9,1,8,3,9
332:1,9,1,6,8,3,1,8,4,1,1,4,6,5,5,6,7,6,5,4,1,5,6,2,4,7,9,9,7,1
333:8,1,8,4,3,1,9,1,8,1,3,9,8,2,6,9,9,4,3,7,4,5,5,9,1,4,7,1,3,8
334:4,9,2,9,3,5,9,5,9,2,1,8,2,7,4,7,9,3,3,9,7,7,9,2,4,2,1,8,5,8
335:1,9,7,9,8,7,6,6,9,2,5,8,7,5,5,9,4,4,3,6,8,6,3,7,3,9,8,5,1,7
336:3,7,5,5,1,1,4,1,6,7,6,2,6,8,4,9,4,5,4,5,6,8,9,7,5,5,9,8,2,3
337:9,1,1,5,5,1,1,2,9,5,5,8,9,6,7,3,8,9,7,6,7,6,8,6,1,9,6,9,1,1
338:9,8,6,6,8,2,9,4,2,3,1,2,4,2,8,7,2,1,6,2,6,5,8,5,2,5,6,4,7,6
339:4,7,6,9,2,1,4,8,6,6,2,2,1,5,3,2,5,7,5,6,5,1,6,7,5,5,5,2,9,4
340:8,3,1,3,9,8,1,7,1,8,3,7,9,1,7,1,8,4,9,8,9,3,3,7,5,3,8,1,6,1
341:4,6,6,7,5,1,2,8,2,7,5,4,8,7,9,1,8,4,5,2,9,4,6,9,8,8,5,1,3,2
342:7,8,9,9,8,4,6,7,4,3,7,5,5,9,2,9,5,1,7,7,4,1,9,9,8,8,2,6,4,4
343:1,2,1,6,4,7,5,6,6,8,8,2,7,3,7,7,1,5,7,1,8,8,6,7,1,6,3,6,8,5
344:1,7,9,1,7,4,9,1,2,4,3,8,4,2,8,9,3,1,2,9,6,3,7,2,2,6,3,6,5,5
345:9,5,7,4,9,4,3,5,2,1,1,4,9,2,6,5,1,3,4,1,2,9,7,8,8,8,2,9,7,5
346:3,8,9,4,8,2,8,3,6,5,6,1,3,3,8,8,7,8,3,3,6,6,6,6,8,2,9,4,5,2
347:3,2,3,5,1,5,8,8,8,7,6,8,2,3,3,1,7,1,8,6,8,9,7,6,2,8,8,5,5,6
348:2,1,6,3,5,4,6,4,2,5,9,3,7,3,8,2,1,4,1,2,5,4,6,3,3,4,6,9,9,8
349:7,2,8,3,7,6,2,5,7,3,9,8,1,3,9,8,9,8,9,2,1,5,5,7,6,5,4,4,6,5
350:4,2,6,4,1,4,5,6,3,3,6,2,4,8,1,9,5,1,9,1,1,1,7,2,2,8,3,9,1,1
351:5,5,4,4,3,7,2,2,8,5,3,6,7,8,6,8,9,8,3,5,6,9,7,4,8,3,1,9,2,7
352:9,9,9,4,3,2,4,8,5,7,8,3,9,1,2,2,3,9,2,1,3,8,8,2,4,5,4,9,8,4
353:1,8,5,1,5,1,3,2,2,5,7,7,8,7,7,5,5,9,6,1,5,8,4,6,3,5,5,5,7,7
354:2,6,4,7,4,7,1,7,3,3,6,2,6,5,8,4,7,9,2,7,8,8,4,9,3,2,2,8,5,9
355:2,7,6,3,2,6,1,1,3,8,4,4,6,3,9,6,6,2,4,8,2,9,3,7,7,9,3,8,3,5
356:7,8,5,2,4,6,1,3,3,9,6,4,8,1,4,5,9,8,3,1,7,1,2,8,6,8,4,1,5,9
357:1,8,8,8,5,7,3,8,5,5,6,3,9,8,5,7,9,2,3,7,5,4,4,3,2,6,3,7,3,2
358:2,5,7,3,9,3,4,5,4,1,3,4,1,6,2,1,7,1,7,3,8,9,3,8,8,3,4,5,7,6
359:7,5,6,9,1,4,4,5,3,8,9,9,5,2,6,5,1,5,6,9,1,1,8,3,3,4,3,1,3,1
360:9,7,3,1,4,1,9,2,9,4,6,8,2,8,2,3,7,6,3,8,4,3,2,3,7,9,4,1,6,4
361:6,6,5,1,5,8,5,2,9,3,5,8,6,8,1,8,8,5,7,8,6,7,8,5,9,1,4,7,1,1
362:8,4,9,7,3,8,9,2,1,9,4,2,1,9,5,9,6,3,9,7,9,8,6,9,8,2,9,8,2,9
363:6,1,4,7,4,5,7,7,2,7,3,8,6,3,8,3,4,1,6,3,5,7,3,9,9,5,9,8,3,9
364:7,2,4,1,6,8,9,3,9,2,7,6,7,4,3,6,9,8,6,4,5,5,8,1,2,1,8,4,4,6
365:1,5,2,6,8,6,2,3,2,8,8,8,2,3,7,5,9,2,3,2,2,3,8,3,2,6,8,3,9,5
366:2,1,6,3,5,4,6,4,2,5,9,3,7,3,8,2,1,4,1,2,5,4,6,3,3,4,6,9,9,4
367:3,1,3,5,7,6,1,8,5,6,7,6,2,8,8,2,4,4,2,8,8,2,2,7,4,6,8,2,1,2
368:3,7,9,4,3,1,7,9,8,3,3,9,1,5,7,6,3,4,4,6,8,2,7,3,4,4,1,8,9,3
369:5,7,5,9,7,6,8,9,6,6,8,5,9,2,6,7,8,6,7,7,5,2,3,2,7,7,6,9,7,8
370:7,4,2,2,2,1,4,8,4,3,4,3,1,5,6,4,5,9,3,2,7,7,1,2,1,1,2,4,3,7
371:2,3,1,5,8,5,2,7,3,1,7,9,1,2,8,2,6,7,7,4,8,7,3,5,8,9,2,3,2,8
372:9,7,3,1,8,1,9,2,9,4,6,8,2,8,2,3,7,6,3,8,4,3,2,3,7,9,4,1,6,4
373:4,3,2,7,5,2,9,3,3,6,6,8,3,4,6,2,6,3,9,1,2,1,4,7,8,2,3,6,6,3
374:9,8,1,1,2,8,6,1,8,8,3,1,9,3,4,6,8,2,3,5,7,4,6,4,1,8,1,5,7,4
375:9,2,9,9,3,6,3,1,4,5,7,3,7,3,2,5,6,9,8,3,7,5,5,7,1,9,2,9,2,9
376:9,8,3,4,2,1,8,5,8,8,9,3,6,7,5,9,4,1,5,1,8,2,7,4,7,3,7,4,9,6
377:7,2,4,1,6,8,5,3,9,2,7,6,7,4,3,6,9,8,6,4,5,5,8,1,2,1,8,4,4,6
378:5,7,6,2,4,8,2,8,3,2,8,4,3,2,6,6,2,5,5,1,1,9,9,3,5,6,8,7,3,2
379:5,5,4,4,3,7,2,2,8,5,3,6,7,8,6,8,9,8,3,5,6,9,7,4,8,3,1,9,2,1
380:2,2,6,5,6,5,7,9,4,5,7,7,1,4,3,1,3,7,8,5,1,9,8,7,5,1,5,9,3,6
381:8,9,1,9,7,1,8,2,6,1,3,9,8,3,5,6,4,5,9,3,2,1,8,6,5,9,6,1,5,3
382:8,8,9,4,1,1,2,8,8,6,6,9,1,8,8,6,6,8,2,1,9,6,9,5,7,2,4,2,2,4
383:4,6,8,5,8,1,9,3,6,3,1,3,1,7,9,8,1,7,7,5,9,5,1,6,3,6,8,8,8,8
384:6,1,8,5,5,8,9,6,2,9,5,2,7,5,4,3,4,4,2,8,9,4,1,5,2,3,3,4,5,1
385:1,9,4,4,4,2,1,1,5,5,1,7,2,2,6,6,8,3,3,1,7,4,7,4,9,5,2,5,3,7
386:2,3,9,5,1,7,3,2,8,6,9,7,7,9,6,6,5,4,9,8,1,9,3,9,4,6,6,3,3,3
387:6,3,1,3,4,4,6,5,4,9,6,4,2,4,4,6,5,1,3,8,3,2,9,6,4,3,2,6,4,3
388:8,4,1,5,2,3,5,2,2,3,3,1,8,1,8,2,1,4,7,1,1,6,8,3,1,8,7,7,4,9
389:8,8,7,5,8,9,3,7,3,1,1,7,2,5,2,2,5,1,9,7,4,3,2,7,1,4,7,7,6,5
390:9,9,8,4,3,4,4,7,5,2,5,7,4,2,5,9,7,4,3,1,6,9,3,4,2,1,6,2,4,5
391:8,1,4,6,2,9,7,1,3,7,4,1,8,9,2,1,3,9,1,2,6,3,5,2,7,4,6,9,5,9
392:6,5,3,1,2,2,6,9,7,3,3,1,3,8,1,7,9,7,8,6,4,4,5,8,4,5,1,7,7,6
393:2,7,4,9,5,2,2,1,6,4,1,3,4,3,3,5,5,8,4,6,1,2,2,9,4,3,5,5,3,6
394:5,7,6,1,8,1,6,5,4,2,6,9,8,8,3,6,7,3,2,6,7,4,8,9,2,5,8,8,4,3
395:2,9,5,7,1,8,8,4,6,6,5,4,2,1,9,2,8,2,3,3,6,6,4,8,7,5,4,7,2,5
396:2,7,1,7,8,4,7,3,1,6,2,2,6,3,1,7,5,3,2,8,5,6,9,9,3,5,2,9,4,4
397:7,2,7,3,1,2,7,6,2,4,7,9,7,6,8,4,5,5,1,9,1,1,4,9,6,9,7,8,1,1
398:3,9,4,1,1,4,6,1,7,4,8,1,6,3,5,5,5,8,3,1,5,6,2,3,7,9,5,4,5,4
399:7,4,2,2,4,4,5,8,2,7,3,1,9,3,8,5,5,1,4,8,6,6,8,7,1,1,4,3,6,6
400:1,4,3,5,2,5,1,5,5,3,4,9,1,1,6,7,2,3,7,4,7,6,9,4,3,4,2,4,6,9
401:2,7,4,8,4,7,4,2,2,7,9,5,7,4,8,4,3,5,9,7,2,8,4,3,2,4,6,7,2,2
402:1,3,2,1,4,9,6,6,6,7,7,6,2,1,4,9,8,3,2,1,1,6,9,8,7,5,3,6,9,1
403:8,1,4,7,9,6,9,5,4,4,5,2,9,4,9,9,8,3,4,5,8,5,4,7,4,6,3,6,9,3
404:2,2,8,5,8,8,8,6,7,6,6,1,6,6,1,3,7,2,9,9,9,6,6,7,3,7,3,8,6,4
405:3,1,3,6,3,7,8,1,3,1,6,7,9,4,5,4,3,5,3,9,4,3,6,3,9,1,2,5,7,3
406:6,1,3,2,7,7,7,3,8,8,5,5,6,8,3,2,9,2,3,3,1,2,5,6,5,4,5,7,7,4
407:1,7,9,1,7,4,9,1,2,4,3,8,4,2,8,9,3,1,2,9,6,3,7,2,2,6,3,7,5,5
408:1,7,2,1,3,7,9,5,9,6,8,4,1,8,6,5,9,9,5,8,9,5,1,7,9,1,5,7,3,2
409:8,1,3,1,2,4,1,9,7,5,2,3,7,8,7,5,9,7,5,8,1,6,7,6,3,7,2,9,4,4
410:4,4,2,4,3,9,6,8,6,4,3,6,6,8,5,5,9,5,6,3,2,4,1,6,9,6,3,5,2,9
411:9,9,5,5,6,6,2,8,6,2,4,1,5,4,8,9,5,4,5,8,3,9,3,9,5,1,2,1,3,7
412:2,7,3,5,3,1,9,3,2,9,3,7,2,5,4,4,5,6,1,7,1,7,5,6,2,8,2,2,3,4
413:9,2,9,9,3,6,3,1,4,5,7,3,1,3,2,5,6,9,8,3,7,5,5,7,1,9,2,9,2,5
414:8,9,1,3,5,6,9,2,1,5,7,1,6,2,1,5,1,1,8,7,9,4,1,8,9,2,1,9,8,8
415:7,5,6,9,1,4,4,5,3,8,9,9,6,2,6,5,1,5,6,9,1,1,8,3,3,4,3,1,3,1
416:1,9,1,5,5,7,7,1,2,3,5,1,9,6,6,3,8,1,4,5,2,7,3,9,4,8,2,3,9,6
417:7,8,8,2,1,4,7,9,3,2,5,7,8,4,5,3,7,1,8,7,9,3,9,2,8,3,2,9,3,4
418:5,7,6,1,8,1,6,5,4,2,6,9,8,8,3,6,7,3,2,6,7,4,8,9,2,5,8,8,8,8
419:4,3,2,7,2,8,4,9,3,8,8,3,7,8,1,7,5,7,2,6,3,2,1,6,7,9,2,3,6,4
420:1,3,8,6,3,6,2,4,6,8,5,4,2,4,1,5,8,5,8,4,8,1,3,3,7,6,4,5,7,7
421:9,2,2,2,9,3,5,6,3,2,1,1,8,9,7,1,8,5,4,6,7,4,4,7,8,4,7,6,2,8
422:4,9,9,2,8,4,7,2,6,7,5,3,8,4,9,5,2,7,8,6,9,2,5,6,2,6,8,7,2,8
423:2,5,2,4,8,5,3,8,9,8,7,8,4,5,2,8,1,6,2,9,5,7,7,1,9,1,2,9,6,6
424:6,8,2,9,2,9,2,2,4,1,5,8,2,8,4,2,6,5,8,7,5,6,5,1,4,1,2,1,3,4
425:2,2,8,1,2,6,8,5,6,7,1,4,5,8,1,3,6,4,8,3,8,1,3,1,1,7,3,3,3,8
426:2,7,3,5,3,1,9,3,2,9,6,7,2,5,4,4,5,6,1,7,1,7,5,6,2,8,2,2,3,4
427:5,1,2,5,7,8,2,5,8,3,2,5,3,3,3,6,5,4,7,5,9,7,1,1,8,5,8,8,1,1
428:7,9,4,7,8,8,5,2,1,8,8,4,3,6,1,4,2,4,7,1,3,8,8,9,1,4,3,2,2,9
429:5,6,1,4,3,2,5,7,6,3,2,3,9,1,1,7,7,1,3,4,6,8,8,5,3,1,6,5,2,2
430:2,2,8,5,8,8,8,6,7,6,6,1,6,6,1,3,7,2,9,9,9,6,6,7,3,7,3,8,6,6
431:9,9,1,3,4,8,3,4,4,9,3,7,9,6,9,5,5,8,7,7,1,7,5,9,1,6,4,7,3,5
432:8,7,4,2,2,5,3,6,4,5,5,7,5,1,4,9,3,3,1,7,8,3,5,1,9,3,5,5,4,3
433:1,4,3,5,2,5,1,5,5,3,4,9,1,1,6,7,2,3,7,4,7,6,9,4,3,4,2,4,6,8
434:7,1,5,4,4,7,1,4,1,5,7,8,4,5,1,1,3,7,5,6,5,5,3,3,6,4,1,5,5,1
435:8,4,1,7,4,3,1,1,9,5,9,3,8,2,1,4,9,8,9,1,7,4,8,1,5,6,2,4,9,7
436:7,4,4,2,9,2,8,9,9,9,2,6,9,6,8,2,6,2,7,4,2,6,3,5,3,5,5,3,6,1
437:8,9,4,1,1,3,8,2,3,5,3,1,7,2,7,7,1,7,7,4,1,6,7,5,8,2,2,1,7,4
438:6,7,4,9,8,4,1,3,7,6,5,1,3,9,5,1,2,2,2,4,5,3,5,5,9,7,8,5,3,6
439:6,8,2,9,2,9,2,2,4,1,5,8,2,8,4,2,6,5,5,7,5,6,5,1,4,1,2,1,3,4
440:2,2,8,5,8,8,8,6,7,6,6,1,6,6,1,3,7,2,9,9,9,6,6,7,4,7,3,8,6,6
441:4,3,8,4,4,8,3,8,8,4,9,4,2,9,7,8,4,1,5,7,1,2,5,7,8,7,5,7,6,2
442:7,2,8,3,7,6,2,5,7,3,9,8,1,3,9,8,9,8,9,2,1,5,5,7,6,5,4,4,6,6
443:5,6,1,4,3,2,5,7,6,3,2,3,9,1,1,7,7,1,3,4,9,8,8,5,3,1,6,5,2,2
444:1,2,8,2,6,2,3,3,3,5,8,1,6,2,3,9,5,1,2,8,7,6,1,4,8,8,2,8,6,6
445:8,7,8,9,8,7,5,3,9,4,9,6,6,9,2,5,3,6,6,8,9,6,7,1,3,8,6,6,9,4
446:3,3,8,2,7,9,4,9,1,1,8,7,7,7,9,5,3,6,3,8,5,8,9,5,3,2,6,6,6,7
447:9,5,6,2,3,7,6,2,6,9,6,6,8,6,6,5,6,4,4,5,7,4,6,1,9,3,5,5,8,7
448:3,7,6,4,5,6,7,2,5,7,2,1,2,9,1,5,3,6,7,8,1,1,9,5,6,4,1,2,3,9
449:9,9,7,4,8,4,8,5,8,8,9,6,3,4,2,3,4,4,1,3,5,6,7,9,9,2,7,3,4,5
450:1,3,8,8,5,2,9,9,9,5,7,8,3,6,6,6,9,8,2,3,1,8,8,6,6,6,1,7,5,5
451:7,4,5,9,1,3,1,8,2,2,3,3,1,6,7,2,5,1,2,3,4,9,8,5,9,6,2,6,4,8
452:8,1,3,2,7,3,5,2,1,8,9,8,1,6,8,3,8,2,5,8,7,1,9,7,6,1,5,4,7,2
453:9,2,2,5,5,2,2,4,6,9,6,5,7,8,8,5,4,5,5,5,5,6,9,5,7,3,3,8,3,7
454:2,2,6,5,6,5,7,9,4,5,7,7,1,4,3,1,3,7,8,5,1,9,8,7,5,1,5,9,3,4
455:2,7,3,4,4,9,3,7,2,6,9,9,8,6,4,4,9,5,4,4,1,6,1,8,6,4,9,1,1,4
456:9,9,5,5,6,5,2,8,6,2,4,1,5,4,8,9,5,4,5,8,3,9,3,9,5,1,2,1,3,6
457:1,7,1,2,2,6,9,2,9,7,2,8,1,6,7,6,9,6,3,6,6,6,1,6,2,5,9,7,4,7
458:9,8,3,4,2,1,8,5,8,8,9,7,6,7,5,9,4,1,5,1,8,2,7,4,7,3,7,4,9,6
459:3,3,8,2,7,9,4,9,1,1,8,7,7,7,9,5,3,6,1,8,5,8,9,5,3,2,6,6,6,4
460:3,9,9,5,5,1,1,5,6,1,6,7,5,1,1,3,2,8,5,9,4,3,4,6,8,4,4,1,1,1
461:6,1,3,2,7,7,7,3,8,8,5,5,6,8,3,2,9,2,3,3,1,2,5,6,5,4,5,7,7,2
462:9,9,8,4,3,4,4,7,5,2,1,7,4,2,5,9,7,4,3,1,6,9,3,4,2,1,6,2,4,5
463:3,6,1,8,4,8,6,1,3,1,9,1,4,2,5,1,8,4,6,6,1,8,7,3,8,6,6,5,6,3
464:9,4,6,7,8,9,6,3,2,6,7,6,8,4,5,8,2,2,9,6,7,9,8,5,7,4,8,8,2,6
465:6,7,6,1,5,2,3,8,1,1,5,3,7,4,9,3,6,5,9,8,1,2,2,6,2,3,9,4,9,6
466:1,7,6,4,4,2,8,7,4,7,9,5,7,4,8,6,7,1,3,1,3,2,3,7,9,9,7,5,4,4
467:9,5,5,4,5,7,5,9,7,1,8,8,5,7,2,2,8,1,5,8,4,5,5,1,8,8,5,5,1,3
468:9,9,4,2,2,9,8,2,3,5,8,7,2,9,9,8,9,2,2,1,4,9,6,4,7,7,9,4,9,4
469:1,2,6,8,4,3,1,3,1,9,8,3,1,4,7,9,9,7,4,8,3,6,1,4,3,5,7,4,7,5
470:1,8,8,8,5,7,3,8,6,5,6,3,9,8,5,7,9,2,3,7,5,4,4,3,2,6,3,7,3,2
471:4,9,4,4,5,1,5,3,6,4,6,1,5,5,5,2,7,8,1,4,4,8,3,6,2,9,2,5,6,4
472:9,2,8,3,4,2,9,3,4,4,3,9,9,4,6,8,8,8,5,3,5,1,9,9,5,2,6,6,6,9
473:5,3,9,8,1,1,3,1,2,4,9,5,2,4,4,1,4,4,3,3,8,9,6,7,7,6,1,2,8,9
474:1,5,5,4,1,3,2,1,6,3,3,7,1,6,3,5,2,6,9,9,9,2,8,1,7,2,1,2,7,1
475:5,2,1,8,7,5,7,6,2,9,4,6,6,2,7,6,9,5,9,8,1,8,7,9,4,8,6,7,5,7
476:6,5,7,5,7,7,2,3,5,3,7,6,5,2,1,8,4,5,8,7,6,7,1,4,7,6,1,8,8,1
477:5,1,2,5,7,8,2,5,8,3,2,5,3,3,3,6,5,4,7,5,9,7,1,1,8,1,8,8,1,1
478:1,1,8,3,8,9,8,6,6,3,5,4,3,6,2,8,6,7,8,1,4,4,8,2,9,7,6,9,2,5
479:5,2,4,2,2,4,1,9,9,3,8,9,7,7,2,3,2,5,8,4,2,4,4,3,4,2,4,7,2,7
480:4,2,7,9,2,9,2,7,5,2,5,6,5,5,7,5,7,2,8,3,7,3,3,2,3,9,5,3,7,9
481:1,9,1,6,8,3,1,8,4,1,1,4,6,5,5,6,7,6,5,4,1,5,6,2,4,7,9,9,7,3
482:2,7,4,9,5,2,2,1,6,4,1,3,4,3,3,5,5,8,4,6,1,2,2,9,4,3,5,5,3,1
483:9,1,3,4,5,8,2,6,6,8,4,6,5,4,6,8,7,6,3,4,8,8,6,5,7,4,1,6,1,8
484:2,7,4,9,5,2,2,1,6,4,1,3,4,3,3,5,5,8,4,6,1,2,2,9,4,3,5,5,2,1
485:7,8,8,2,1,4,7,9,3,2,5,7,8,4,5,3,7,1,8,7,9,3,9,2,8,2,2,9,3,5
486:1,8,3,6,5,2,1,8,2,7,7,4,6,7,2,5,5,1,5,1,5,4,9,2,5,6,4,7,9,8
487:8,6,5,1,5,7,6,4,8,9,8,9,9,2,8,4,6,1,6,4,3,8,6,7,6,3,9,4,9,6
488:5,5,4,4,3,7,2,2,8,5,3,6,7,8,6,8,9,8,3,5,6,9,7,4,8,8,1,9,2,7
489:5,6,5,9,3,2,5,7,7,8,9,5,9,4,1,6,2,1,4,6,3,3,3,7,2,1,2,3,2,6
490:4,6,8,5,8,5,9,3,6,3,1,3,1,7,9,8,1,7,7,5,9,5,1,6,3,6,8,8,8,9
491:9,4,6,6,9,8,4,9,6,9,6,7,3,9,2,5,1,8,9,5,1,9,4,8,9,7,3,9,7,2
492:5,6,5,9,3,2,5,7,7,8,9,5,9,4,8,6,2,1,4,6,3,3,3,7,2,1,2,3,2,1
493:2,7,4,5,9,9,9,8,5,2,7,3,4,5,8,1,1,2,4,2,5,8,4,7,2,2,9,5,1,1
494:9,1,3,4,5,8,2,6,6,8,4,6,9,4,6,8,7,6,3,4,8,8,6,5,7,4,1,6,1,6
495:1,5,7,1,8,6,2,8,5,3,4,8,4,4,5,2,8,8,2,3,1,4,2,8,4,3,5,9,5,4
496:4,9,9,5,8,5,8,7,2,1,5,6,4,9,7,9,4,6,6,2,6,2,2,8,5,6,8,5,8,8
497:9,7,5,2,6,5,2,9,9,7,7,2,5,1,6,8,5,5,8,7,2,7,4,6,6,2,9,8,7,4
498:3,3,3,7,8,2,6,2,1,9,3,8,2,1,2,3,7,1,5,4,4,3,1,8,9,5,3,3,9,3
499:4,6,2,2,5,3,8,9,2,4,4,1,2,1,6,5,3,2,9,9,2,6,2,9,9,5,9,3,6,7
500:3,7,5,5,1,1,4,1,6,7,6,2,6,8,4,9,4,5,4,5,6,8,9,7,5,5,5,8,2,6