8732153948321771641211735918987
4957363726752867253828426232152
7553579368495799168785197134358
8853924111633938576459854399176
4623548787354339761765348678216
5717246334969574489328678431152
4921396233791581126957855429356
4595487722161998457966868114183
3174165772357911656592168916825
6133719971457221719741759335926
8553232446799854455937838465521
4944433317667949299476695625458
5648284258154677414675228848426
6259112686733821425225168683516
4347436896478184166376469887723
661149697916364@289893913297999
9266329249952451748773559746383
1896142899968834384727167149681
8216492625362371848999534249873
5274453636699668266152547297297
7588832377279537564963557655157
1727974342384778822684813993951
6859762945463952425516848222666
3218393746915967896674583614843
8374193445614282548938857481134
9333653794852878419282615191494
1526562593864345811696847997239
6266731651939118768965225453149
5977267439229198585629823866679
6366613647737983214369676647156
8499725486897745818863572777341