54152544755522345837772848687483814673245171655521517855684653472355561525751375518125412214468521516
64562331172826565626477838516766576817563564262138136351824825256712361485524132378735684276742871651
13623467262812675884518576144823438121573741413127448812835342571236555627131116561458111223524528641
66157352577572448488756431347644212436566143746185557468277261848466137536222887383627313744461478425
61828372282824635461853587555578622735755143454388382137167383845454172173283847713341437874113662245
42815482383448538376782284631217216865353213754125166576541818226322265235236863116431336751353264538
18653813763676266818241761318174263664531712618267755282767865318481821253877566354358225655854231437
56783611322783673428563266823384376236186148351581352124654876538535321443651457844683735244311726781
42467631257456458545326711488837566227823452622261255135453661384424646757811235184635144124645745767
54563853261533166554227561771338857866567253381717688173155768285838134413234128354188764437346478172
64781452637173332268541225522626257611478242536242443485243442332515277135513632861842646333144628137
32171485237224847817467725883685648325122366979854685944487383564171655774564375457644468327283345483
48655274255571225315431756521365561773174599744899689774596496845427478127747482714831555251743561423
13556481513155118685847286726564767385778889587468884649956946897411158363878436512561556525382626322
64347236525237312153864461414758665598985647555758648568467998595676444354774152285753636115543767134
87742342136177554724633687578373948975586958684888487697655587544644483224468212834357865713255256531
77268827164186162725882714745549677447765888989565986979575977496477958434877212715734324887414335842
54435631684555266516125324838484989556778789567559545998854599479857785964464638567125523518171265351
15535612166834687212257862678887767885456559468775875654594854755447678866411748647123631838761325767
75382664424868448567476183568545894587499654686594844786886867489444977586568177241282777816161281776
52456811635515153284388868499644677659945949766475656769469944575768677656869473825452161113625866328
13734741614824162128821447667775564949779997575497574688577784479595456667567866225581733773655324351
52433626717831635758278784965958976677747464787767754559457755657887594659656477632186544146665122767
16856122562783343463368989867985487874696646794967747485678744666587848588669554413433268232153625564
43751863788581378588857454785448879555458567644658757984799564576467867859649979661644434518516574526
56673831422165545425667849794486667677888876885546545474885544676678994778689679757773718366236665562
31571846418414254858689977989995798674755467585849766648577665897748846477568485969666442374734856727
22772683168517434565855867957966886559577986467984577488759957797868444589975965858811831132853623142
23288152488165685564547587697577477598574887664849468788965776769768578585857978665952172388387761362
53256825324675512577656847789688855584556797749888887475445466545576584568964494666991376362534757488
11557782758325214958795984994478559998565468876755999589869667998757974748456855494884451827225515322
42675486283573659994654596669997889989657746545686884748567445467844446747689884478986564825142187821
45842216816774158496845899457797794545994559568695776578575988975649455849657799689886544815174786285
47287332511466186665569556469664855649797874889588996878645475479678454654485574487664554255535252375
67137156746137449845765765599746964995977965869785678964598957477947474446885469885745654865633863352
42332564248662969588885465854899798685796579957968689765866444848464478474647644576489586678658464555
32477584642767954556889456957465979779444988768445869897544496587944879677578976489874979883431328535
41478732812249999578495955567869669964656655795594468886659566579987565496874586886446468661327467761
55236523741565676976896996986897989776759667848769486749494595997699986587874949474794545613667185112
68511142323369998676894977576875645598979644955657566959944497568698464947786857676577476656318342228
43171426844469466797797879877598655696658798565758854788554968749759547687969967798868497473838182457
26114463348475798587978764659856986856764567448786785649446569885455765579659875767885997518352871811
35241676484388785895499555564789486957464968975646586669987577796447754586447478694757864567766548857
18138841156747654996699746856548965954565694789458568598899949449795895555955785694456979983413247531
56682475458444958695647978669694778997677965476496578887996568456758764469765488994769668555223164431
51217478124479879566879455755477766576647868778444467687556979788874844697789644587695656648183225162
57345173618958467664979669845678489545986989656577568556477896798674896659559569445595458997834162537
14124517127964596896788947768488474594758796864668885668696878647646879457555596645997774665718457325
16855836157795585865566999977858464666586554648584489595649696655559688597846689994768977565127466331
85685636872464867565846679557959585667444799768985599985969567974586894865485654859678775594771641481
44875163625787845886675996544854978589697499969964@87849496558545949984945686969988694996975273376765
75842623526467548664768856686679699577855479779848468668568666765946444458695677758887458945642515861
62732122216954968585845976795548548744766486486858444674659878479497856558455788776657787888526881222
45411451287749856558889977959548886454647655967569485594447784785795949454688585999575644857762178387
46463621525697748744668499978579978547976999549996875686869979686456757757559986667765849895753758871
55653272357945696749779685945699849756856959487744884874544587686745647698789687856597798597877181483
71355485767694899757578597497686546869465568598468944557468997945675457688886565484495797644674662515
84676436624656685758978964496946867879446864645568786489748576669765999474995689884469879856876524644
56852634522654446894897495765845579578865587699676794458676468445485646445787869689969767995666411645
75126772427888484994456974847767779568858754648775687857794594994899668684879884568959798582461161763
12678756357187555964649457744859784556545885569495568944754764447864697999844597687496899412117271166
85184528754456797684755569957759578559474674844948764586966895799479489669648589964449595754753373346
67437524665888767968455477578568674444546557646766776655459477958599664654486756845755578567214641576
52773181752884495578459459794999645599659669676778967859898686866994788569685755887947787253631734584
67867415737119889974774869987788566864444947946768474458768845556554457974797787499476794324183227333
48523517186674775465589964845764744786847976567494576866754544957966696596565755564894998268275266282
25642876243463444966444758655845568676485759999486675956758976755487497664779778649686945143554242352
88271868862373868996894967686647596446554444448969978558657588897966565896789559878954678776875663147
61874217132513157975845449867497549594955458797766659775897484974477448799674787549647617324623826544
87165217365457664554447956974854466899496676569889465494658974666454466999679758699494472442281617744
77416171212611626758955877749545898969899896678966774489685669684648789546578778444666688186287867711
27644113534572719756498645588486976994579964967754498767968984744654495979986494658754528845765367224
45143136232172183867745664959976746954458589555964846499898557864485458456446795589794341462425135535
76783762844663621685564889865847975567788546476748967776566686575677684859545885655948486585231162771
88674215885682126367755955545854878957988797878759474555857555774574778557576565576788271646161171846
66827251325341253744596548957999458557587878596477756888966499778458776554558685895174778516314282731
11551416574482362152499848686795877889776645757558967465589667944569986865895749694418387471732347116
67864423354733518668558579786676957677549499748967654688886776558677698845669689624276272137234547533
34827738383262882122179779445875574597574994547976575977544986695969598656698786947334717633473583146
41727673857444223875145895555479659559874684568765884768657994855985475485875877884746478452486635485
44731637527555576848676768884894996495995947795995855654698695855899548556974894888638158688845428662
27313666141445576256823525865654885855549994784586449774878588699678779547987122381132258468351552733
63813286115756428541742713775586579567874464464675844696857859749564849979847334833216287112717166836
12474361743283464336184326277777897667488854696488759456895765759766847458923858154342471264848762122
58527551863223276171544376416856485889564498684574777646778697475855467885157456474876463684751375584
61836437266412288166524181677858698895747568556676995988967867665454778441166462787565277681643237215
52732628637877764337275138658383656754595665856846678974786999859477494134652414556746338353564724481
31856532832635684146626686186466617747459668959955989588475655984946853112371544457722818478227716347
36436447726848727347677481456614871554757776458846959956788659795638461231538264648577377361253226557
72853131117121832726631411584272186171665568845967595879846969878376683138573827365451446237761525741
61655384173758142833624364275662283163866349688868564974446431777117718361518727633663855685841246843
43146268741371585663251263721466438821446682482214846746358874853255286716823845871673655235764248642
62325511386732432842327831751824336778155545448115825714342313142547234775342546861514142584383666626
36178424326331766816165587535785415376744417486411128177734153454171461663882743223634152581251473121
68612553256834755383312283873557158374585443644637552147185572241267834515127357782675813156884743564
17425832547138366185661781264734614481841237353545871751584611145687246321352612882425485248538745578
25265878222731627813712838177363726248845566577787565436778374434113433422375254658176688551568151825
46477724845627432524126244614613776485243151682782147311444536831271576834145656413117223568783876465
23142764815165565874371215678486544755328453673631186588417826257268754861361457664887223144356637245
54615381632524846134311542166683432142411562325211125526378614614372188143261451876115441274163782655
45261735682812335177587225316722577351246213676271873878554843874857246281531182456732536336662315632