5647475677686885845864564587866866655677544558448353373677435566767765765536753447447556756473353676736464565858855858767665884785577648765445684874675
5487448546787755575468778888576857584477855455356436654356775443363474476574376643556345667363476446554664756468775448676688445464858855568844567687684
6777656848875557557884578857875674486688575654367467346656767665665674433535575637753646757564446367674456768644488747564646884855555455488676645668884
5484454756764778764487556456847668855866874645674757434466737535745654437767334363546664643357363653473744465686674745588565775857878674566865857676477
4865447864454858888676465767685888767554665544434737343666334746366347336536735576377467466374647674556344453364885677664556447464755587756567764854645
4485657476587755456486845888568648474655664746735336647535575375546544733557646453773333456567653437755777555374545464757646675878647657564654575676564
4454684677565488577657764445557888444576373437555434765777466674634376437563454763554636665473457444343665373467636446545668574775556755446447645664887
6878848488876487756757865486876678575473536536767435735657675754634746735374636354336635666347475736365673657676435654684866747858664664546488644664756
7777546484466754784587555445644564565654375743454774457637765754337744337111111164373765365635755334343663565747565667755568587666776587585777586845554
4885678788758876645647548748568377465343563677557573747464353373554741111199999113375355333734345635565773445347447364637485686467567584878467785885464
557864457757877684488587554576367777437736666457655347775363364534357199911S999916537563453535655344455475733773676435656776548485474548747684648868666
8484468468448757586764747468355373533546644773346454447634567355755631999999999914466355347753656345457667677465677365737357768846888645568788845858558
5884555575755755587774688673765376735535575673745445766636467545374461999999999913634353445475464736377355647566373443367546854768768744778685774584747
8886446786685456657477888745343546764333444463636464434374575437536756565999999415445547475463756665434446765373647334744675588885445478655757554667766
4855665878777485654588556345447774555365533657745534456345665545745356553499996714736373737676433545347365646663456637535637376478544666876446444688654
5887474785755468645855644763376446456765563657773375537734376657447754745764375475557663454577354436754734437553444545365374735767658457457574855644645
8874545565587875465565344774757455535455335544467547553576366445656655536476673654647734356753535354764736676555366436744356675744687754547758655878544
6766764587866568454684375363467657733646634755756333657377456644577573577464556676735435567673547357566756675735444456537545644745647686688755484487786
7567546556887548855843657647745655534637543345537674477463754666773545367563735757777355665665335376767376665546345665777676365577686854568565856688865
7784766665666468575654735343333445775475344667635554674375456543453575577576675577734775637555663644463333376675434574666633635465546444466787566548676
5658585875456656644733653636465775753337543663433473673763663353767364453455563737673737457447365537436435746674665473575376475376377574576874764545765
8748565488777846677373367477564643567675556545555356777777475337674477565467575645477564334347337567577776557666745565656553373337464675746668788765458
6864564456468748733336643357534463643555664476535447566575454464446644343722557333745744377634755556357553544356757766777665435645366678468757655456747
4545475887576454435466336377355756346336666577535364577777744653744555325665554622646677335655733643364745546364547366746445544367747565666856887876574
8546478787857866373655743533363443733446356655364737346645744524362545252644654432243242635765375574347374346354467366766464453673444475658754566846655
8778488884544737333537774463743347745364766664663476337565524243432462563222553353564352445245463773456557744774654534356635573455536766484746576857786
8656675784564646337376733376657735575337565455673374354463522333453326665343564436333346625346345644777765753436645656537644636447555665767446678757746
8666776488447477336553454533444675654467435444564536662433425444344256344564422264564223226662532256667744767337534447444366643757435575744464468755674
8844467556566447343445537363767547363576745334546334562354255326665232455334632624463565264462636232443665576747575467747566353736567765443385685755857
4448465686853676564563745534544346376533363663664334635224532343553524326654534345444466643323246426645334634463574777556664457475776434457447455768485
8754768656445633744443333574346656435564556356346652525434464466624425334565243243656456233662523643643443365337735433634365755336374665366337668854654
8485577483775645443746366436656546363456347356432546354624224424542626236453522634655543526444225244466246575555476377357574577755354647754553656666647
5645778465464767454775456544674354534337467366562263656223442246336536564653254565422652345242562525455262565547443535656756557363373334565563674787644
8788864743376455467476636673334556454663447443444462534246352533543622363336364444242545522455666254456422454554736335744563763656734544434635384744878
4585485437346647536663573473763343376745645664534544256646554625246324226254543334322222245265526265524252543765656366663633466363637474475564656788576
8557685536375653463367637377344664454773443266553525352435456642242465265562246245243442532464423533524262553534575353567545753337574537567655778554788
8548646334466655537543544333336756774434553534462543234634636662225264536432362334446635522453526422256456555333445473636555374735675346455637535485864
5677673645734434376533564347543657633336426564346563245663535253244352252546253554643245253442465423222346545363573453563754564735576355345644437865874
5847773766656633474336773774364645437435632532654652462466326532233264533626463654525426235244622535235445334565245746775375476664746466657736766448656
8857664764446633543346665677463477367525663262232465535334345334232345353536646435664436353535525456662435554626256553373567376565444455343757377545786
8856667556676636643343564347376634346446223356323244564555645366263422463526443423464426344323244455426653364633664557643336337363356576554455557354467
6686634457354446676453543533536376346555636266642355345456442666352266654432333546664444366466645425222432253222525555367563734773443635357667754775588
5845746653367553577634346736447356553336455646246352446364633456533662643222243264245445645426425665526664324443555545674655473663465644337737544673758
7884356733467354755556746457564736554633355446653522526644355235544326536466566662666342652254526333644355224462234636356744576655345533567734657755874
6757475777464663345664535765455522644432563654332222554243465455353254436435336566555466535242555433254255563326663362547376575335365663673644646575756
6637445773557456373543743337554464554324366424642655653624656445554535465522425533224253334332645364423542333524355432256375773567765367576764666763578
4453676664534564447745757767434654455646432563443665463352644542655334253623666236642544546624442666256225336443535362326333633675555556767577443744648
5335755347335363664335654544675663255363632322366626323546623434652265542325324442245323543643326244524463646352462364656565357646563674365535374776344
5453563674776345365477333756536664224435245256652352344244462533264422655354246243653665523222225536543653654654365262366545557664343643464554564673446
4763666555475443555635636537356622233252434626662225353333622666664534454534545245443634366256635234265364262235466254262536476464346653447537636436367
5664576546634364433577635755454336364442264663346543562566364543365343225332344545246663244256656663535656665535436566325337757436346437546635773347555
5445563573343336737557373667223664322332654245462442226232542322232222233532534423244433362522544236546556236466442364264537535444746654537653337377735
7665764656665765743335667654263645632626546456642524454546553445334332423535234454524544336253232352656644324643226425334664554556363433434544346774745
4565373355465657363437677745432526233553636243423354534246353442553323353345343435445254233234243642263464424344544642444242456474777677444547665634773
3447746475446777644475677332364654346555333424362433323633355452423432423542252323545325233342522234525444264246356566664622375376573454666565767545773
3767343356473336466373334764434265634523322344256545443435223535334425254232224434454545245556256244623252555223534362442354333445735553764737735346467
5454644354557737567457764564432345224355332354463625653465542535525423245223443332323445352255535344622665662222652242526262244356557735666475354573634
4437774633476665575567746643233442453436432335443423563625235545343544332245523343522525332423242452662223452665226563634656543556433646533476557734675
5644776576444774757375465343543223226634663564462236522335523352554345242453344424542553334343535656523635254324455456263526467374733556666334433367557
5674456454533557767767443663556654432522655223453656633543344545232432243542324254355322454252533333454342435233434242624455653334455646637753365563576
6343744764655763346646353562463455552663462464552546345222323433354525225234532452444452545245534525254243663623636446646332633556344565374733537454664
7557774645555763553537735625522632225366523553344652554233322253423545233522255255254435443524322454256266624245336525434353262464746535635764554375447
6336737553665736746555462655343425263235322232336265525323443425222353422453524454232555322454324354436236362535634566465344234734553755677753466533733
4654365475674565456753546654554342244432542363554236235525234325455225553332533535554425423223525243336253623532252622232562356674536563357447336645777
4667553574445446366354376232632362555565245346466232424553535543523342443322352322545343454542224422552632644662553354454345454776476364757354733636455
5657745464647336345435663664445246333632664624536325353324545354233234552453543243543422353233234455344535264322643235462552654556474475375555476476333
7754663745535347766365355363244636455555233563552433444325355252255223224535455232553334354432424353352565322263355256436326464455673465666357356447456
6345547366547364473575743322256453442466445343552455525322423442324533545453224242533355454352435543555346534656562533344526234334677553654764475777475
4557563366554343646636646356323526453653332625444242235333523535542542254445353325555525545352425323353244363454563356423422244465337566754777477636477
4545767447763535647573634453263242446626563622356532422234425543535535442223334344422324334353352452362363236364434222262425333363756665655363473545353
6457543353457366335664346554464525432536332535545435435435324425423234242525244234545232323534444555235554466342463533563262436533534663747346353433643
3745575773665435573553435326334666364423225522253344242325344545553435522522525244344425254224453245534233355245632364234332623346363543334574365345354
5376377476445745633755765366225464254225265662222543224544333332253255344552424554443252452552334253334343334565356362242344264277466437656546673477544
3636567767555763647553725343526322226536336632353552354444522423533224255324353352235235432255432524224364432233652434256366322246436666333674745337553
4733654434534475475576653552235246644432332422564243323525243542245333523354553444252324453553255233355322233555366246535244422456467374644665475434364
776755356653567473733453542463623444523454236652353525535335432334353525224@435455422333223544443424232556364626522534543346353563535674655474767464547
5633667447466545643666634236642626356245225564546532323454345325423234252399955453524224333454255525426634642652335526225254365664543636764353373733473
5756757434373367776546533356645653633352353544665343223255445554333234323499933424322535334323353224224456255263642545635535543255746765444645434546574
5455635454737633365773465366324445632562543266352555552344243533542532454599935443523445244554325224436246622556664666653633226357775366654757765337354
3645633556763536375744563432466622464322255636455255344532243545523442255499924243232323353242255323536566556445536544225346446275376635647746545777753
6474743733346764677674564242556263533564252526464244444523325444425434334299924553434243524245444543235545252263463635364262222346643366456433775347434
4665555454466375377766546553263564236232535626362645544342525254555455433499933555254532553432352425226632344256546333345425443363776537767577666765543
7463743563474766464633545432423642534634343354542252553443422233543432242599954245445553535232324223236266432562642622526654445434345357454753345544567
5776345647663745463773422324234426523355662665425352542542422435242454443599942223255522523534242524442643323343564356662423264367663747464557447764364
6653665677733666343435425525345645653266342662253454454355232432324554254299933522525352255543525542264453425353554545645664243636355754575747664667776
4377346735577377365633456363445646455343634443244442554442552535432553434299953523253524552244433243535226443325244264436634645355633353634736635466376
6743666643363547464654646422636243232225254226543233544344524354254533523599924434355554335243423542523345234546235255646345246554376746735547334663734
3554567446354477443447673635266435665622532623543236254455535332352523552499952243322343252355235544642552242622433364655322454767463664557773437435446
7636356353634547633574546365242256244633554265435265252234445522444343422499924452235524253323244546332333345543556622546454333673377333336764335443735
5365547645454764457745346646243633243252454445656523443324554253335452223599943342354222324255344264344223434662454636532334545356577774633656775346677
7654477566447366637636544666433346535664652562563562365424542222535444425399925454335544253534454334553556465345623562454522625746343346655536537635346
5443543454765367765465576664265252224465653543456324424223332525555234255599955532232543543455425435626336225525452463635346636455736355535747473443663
4436774355345356463754343653246263553265463243446463355242544332345442322299943535252445544354434566566623663545325344335453523554654576557637547765367
4367733454774677563344364565223432644264322265565522544355243553534524433599923544533324523554323263334224652256546262266352453674636476646634353635656
5437767477455733777474467343264256626534432454534342646233534352535335254499925433553525342245564623544235342244254663662353277375647663444373633666554
5543554363576333647355577455436365633436355524564554623343233445442422443499922525423333545232355562542265464364426255335224577744555664346453544464454
4765566455633634646764444535254522564633436443566233634463342434235453245499953445445233444556442635253552666236635454334234454663646543656677676567356
7647664563554664646533465742635345333323566556555225466563346253345223354399923452332354344256635322522543545345633233466353767334654733455657534373347
3634445663557477745454676567662534422566335325432323366623344422525325224599922253325342353222663535263625425342425345265326547536443374334433734556767
3674535563573365344334656565255344324364345666322626436465252653425522435399945533252432326662353625225632462232335544656247756363465755377643344354576
6776655774577443455753663774456434542334342336242643354443256633326454455299922244323355655435324343522453362463332643444345334537666673534636773347745
6476537373674556537456437344326535652453222334236665665652455333652435332299924255264365655466233464236535245543343662543355555734765473634755767355363
7563665645434347477556556753653235226232533253244464642636544232662352436499962366445642545345255352353462544636462555252466756676477564465576333573778
7574443347467345345636535644536462223462656345623534346334524444655332435499955544424222644226653643453655465554235226225474473536345446654355664674678
8465547747646334434336565647666426466263652632643343425662535223554222563499953654444263425224645525352262664533534253343466756664775577766467654537738
5675676665473765565446654355433562566434344325364655564536664622653266553399964452435243624625455243265644532444526454634573535336373445755345757564775
4676764644333535637343737436676534655532424554452566544434646425343253436499933666564544355536232535455236334532644635257574666457563375435675755773765
4455464764646334456544533653544442662336425462624322663223564564436353442599942562252363364434242542525643353656455323635537557554566574363764653444587
5886744773673455735643644733354454365636333263336226452362252464642263442399965536552456445655444466356233563364453357434473656553634666444357663677664
5447453467347566655753766743657377324462446352332346564356566662552325656599952635353642252234333254663422665234553275637564557346343447657454466568776
8465674453333553776757775537743644656632423543262364434365522623642432234299925366363664242222552245422354666665543677344534433453465353466634464375556
5584576465466443373355563377435377537246262533635354265532533365323252533399945562263224352332365652666542345555363563454443775565576536475667766386587
5885847636534663353774374456347535745333453446466336626233324253656363363699935463264652654622653446356346556632445764773637454337555637736667637557856
6477864373445373664366377543573773365652445236665433346666665564554543633699923352564664365566556555366525526255474347366645744646333647757375655566746
7858455366547665447545647537376746573757444556463466544464465545236553643399924364435355542433642462356253546564735376463775375736477675544337446866454
7467676554757666675633344774545665753567725324262233365625665366535632534399934366664356322242546236544655564454347777676455577677353576344536568644777
6466445767646643543634467674467346775554655553422532555336336226354655543499965333564424555224226352352555653345447463345677375356347665777575657856845
4587467545746554777576354745457464333443434624226532343535222246242565653599962342545566535322646634256365465573777464663376334553664337457443787665857
4565878665765535677363533363436554333654776624545454256346566352533463345599964526446634346624232545245466466354653455375547475356576365447677658578848
5586686667337353676474665646533566655344666353442425646322646346564552334399925654324346622326252225563524533577453336735566366554354564345565588748676
4474547447436445664346563756757346765657333653425555356346244354665355223299923424532336523663342422423443463437664363677753435556534356733564786877684
6458476846543367333567556475574434654544763456573545463555622653642244664699956444425622665556332634627653435734463745545473744353474774376365564446847
4455565878735737556354346565443557777364766566354535466462436334236526226499954224626355335635433256767677374457344546455335756555555475643465548866865
6666575757756645354566565675654353563345557653367354663242642643263442553699923555562245433656266643374735666577654655775664643746775674673574454876465
6467757644844577475775634436463557333333654443535644466536562546654653336699956234466636655262634766336447643666643443777435735356356476574585658454776
8768755468667835467744437464674734573557746735647437376537453243522662564499965365663625666323443434354744635473767654757474744464554664668884756685758
5577666747644747463435364645644636456553573674457467376734343635534424653299935634524553634766356777734743437573347667373346733737435766774764456764586
7757487865746843536554455367335375666455764447576373763537754667745565243499963255552636466735647544544645337535433734353553444463635677655474766446776
8584586854664475545375773465774774436676536565663343447646353765333574734799937734477474647446345434354477577655754464633467347563776478657477878477875
4866578885886785657454454333577365437344646363645437444467476577773755765599935345774443353576543365357333756564434477674475357543457675858485768654886
6586477686744488547453647767464355443575656457744573575455644465666445676599933453773544673436754544437333653647543676436657364575675585786478687566757
8845466486865455555336663734746345346377355363647743736346737365643333756799965353536574446766476574557676737637656674365753633544375654844844765666878
7568644785445675688664573336347345753363553563773757654636775635373573335399945473433435577745555444333757643457647333543345757764645866564678655757447
8788456865784545554584634454576347635737466546537674376645555477644675446399935344666557535743535773365633457773343643736544557367458457546874665476484
7457568685674484685777475353763335347543373745356354356536563375745746544399963765547553476343654467637354573356534575656775465346545885565446865644875
7848674774688775485776866477635547763676435534537545773463667655565734776799976646656654553363364546475645376347364357755775343564887565856457854885648
5465487888448685658486453736536537454754574356554666356575666435435667776399973463576347445435477647734656477675763457635544463586466857856478857784574
5746478464757484667576475454454663465555765373376434377554667467555457677399945746543473756747676637335567573553663657553677755544666864844864556878688
6878854864558867456854487655364446666354767434634567456333757344744666673699964743773363635754375535747365766437456364373765458645866488857787467544548
4658577684768558445486574764473634345333346463456656375455665477657347774599946544466463634366435377543553337643545754633677674876868775487854445744664
7467754446886486667486548576445656734354573764673375473333345344376656477599967745474444435355467336535773647474536763775484774788745474677854766774756
6655654878866456585788575644865645375376765446353733676746454667353774777599944343637574733733646544363765345676564647737778576845775568458645467848655
5578768845844686467577688746875746677737443443444735763673574466354544575599976443537537536364745664677663555463577534865557867466666486867765858456587
6748854745477544577587584456467844764335676734663445674333547765644565736799946634445546654766367433535566473766646347764467844875877854657848554746686
7887656877875777554864465765688568756455335534664567454443673564533573367499943463673547534734336344763466736674375478478457874557846468558784758755858
8764656887488456844558755776864546876434336554655647733644536544543537346499974667467345643463436543665645474554355765884567786688564688745856874777685
8745478554766685868674475765758676654675634646735356363443435767654747334699943775453474556377654347763453375647865564758845765475467688867464848685456
6546577868466788456748856547468776577488574365743635657757654743454334763399954454767436753535767546633646737445856854845456874567755575565547474586886
5784544484847566546858468888788565588856646863547436563434346545533664545399935654336673747445546337637355576874766655457775854674457677764548748586547
4845646654568557464454485666565756755686754784476445667466475634444337654399964757333775653333676734374637845568647474668557658675486884548656777868766
5754555447748586486775474478658687655575554865857643343746664756666547373499967635675747753646447765356555665656565887746686856778547778884665787784748